 <pre>

 Contingency table for Visibility (m)
 Selection: Norway     38 stations
Period: 20221001-20221024
Used {00,06,12,18} + 03 06 ... 48
 Limits    1000.0000000000000        5000.0000000000000        10000.000000000000        20000.000000000000     
 Each class is data <= limit, the very last > last limit
 Total number of values       33871
                                     OBSERVATION
                                    240      261      140      218      184 |      1043
                                    254      869      980     1305     1768 |      5176
              43h22_ref_autumn      159      352      623     1047     2266 |      4447
                                    151      448      983     1823     7840 |     11245
                                     96      404     1344     2227     7889 |     11960

                    SUM             900     2334     4070     6620    19947 |     33871
                                     OBSERVATION
                                    251      220      126      201      144 |       942
                                    243      906      928     1285     1685 |      5047
             val46h1rc1_autumn      150      318      615     1032     2235 |      4350
                                    166      459     1013     1830     7898 |     11366
                                     90      431     1388     2272     7985 |     12166

                    SUM             900     2334     4070     6620    19947 |     33871

