 <pre>

 Contingency table for Low clouds (octas)
 Selection: Sweden    124 stations
Period: 20221001-20221028
Used {00,06,12,18} + 03 06 ... 48
 Limits    1.0000000000000000        2.0000000000000000        3.0000000000000000        4.0000000000000000        5.0000000000000000        6.0000000000000000        7.0000000000000000     
 Each class is data <= limit, the very last > last limit
 Total number of values      176582
                                              OBSERVATION
                                  50077     2260     1667     1365     1246     1215     1543     5122 |     64495
                                   3530      515      411      325      353      331      454     1179 |      7098
                                   2340      437      333      304      263      282      368      996 |      5323
              43h22_ref_autumn     2048      412      352      312      266      299      375      941 |      5005
                                   1796      414      362      309      254      261      394      959 |      4749
                                   1866      480      413      362      270      364      470     1196 |      5421
                                   2499      767      595      602      509      595      784     2130 |      8481
                                   9070     5497     4458     4817     4294     5283     7935    34656 |     76010

                    SUM           73226    10782     8591     8396     7455     8630    12323    47179 |    176582
                                              OBSERVATION
                                  59191     4044     3048     2659     2334     2372     3034     8541 |     85223
                                   1427      386      302      288      211      295      381      858 |      4148
                                    976      277      208      184      151      188      264      626 |      2874
             val46h1rc1_autumn      727      215      174      149      125      154      192      505 |      2241
                                    691      203      182      165      118      144      208      553 |      2264
                                    846      254      183      179      202      181      285      712 |      2842
                                   1258      429      303      304      258      294      476     1199 |      4521
                                   8110     4974     4191     4468     4056     5002     7483    34185 |     72469

                    SUM           73226    10782     8591     8396     7455     8630    12323    47179 |    176582

