 <pre>

 Contingency table for Cloud base (m)
 Selection: METCOOP    227 stations
Period: 20221001-20221028
Used {00,06,12,18} + 03 06 ... 48
 Limits    70.000000000000000        150.00000000000000        300.00000000000000        600.00000000000000        1000.0000000000000        1500.0000000000000        2500.0000000000000        5000.0000000000000     
 Each class is data <= limit, the very last > last limit
 Total number of values      183263
                                                       OBSERVATION
                                   5123     6721     3391      803      300      173      198      142       14 |     16865
                                   1240     4286     4287     1121      322      153      138      127       15 |     11689
                                    935     3707     8787     4017      743      459      377      234       34 |     19293
                                   1039     2124     7985    12692     4362     1523     1059      635      177 |     31596
              43h22_ref_autumn      842     1272     3581     6249     9019     4078     1492      981      340 |     27854
                                    577      985     2520     3120     2837     4092     2433     1049      275 |     17888
                                    379      655     1376     1601     1108     1352     2778     1535      155 |     10939
                                    379      418      881     1412      969      836     1295     3813      349 |     10352
                                   2656     2165     3582     5741     5573     3864     3904     6632     2670 |     36787

                    SUM           13170    22333    36390    36756    25233    16530    13674    15148     4029 |    183263
                                                       OBSERVATION
                                   5088     6324     2977      633      250      150      184      127       14 |     15747
                                   1407     4395     4180     1069      290      131      160      141        9 |     11782
                                    978     3840     8429     3589      675      382      315      172       24 |     18404
                                    884     2062     7504    10779     3166     1120      727      450      109 |     26801
             val46h1rc1_autumn      727     1167     3429     5845     7181     3066      976      608      246 |     23245
                                    509      945     2668     3390     3156     3962     2020      801      242 |     17693
                                    272      582     1514     1773     1296     1353     2528      989      115 |     10422
                                    320      417     1011     1570     1044      912     1409     3277      287 |     10247
                                   2985     2601     4678     8108     8175     5454     5355     8583     2983 |     48922

                    SUM           13170    22333    36390    36756    25233    16530    13674    15148     4029 |    183263

