 <pre>

 Contingency table for Visibility (m)
 Selection: Denmark     21 stations
Period: 20221001-20221031
Used {00,06,12,18} + 03 06 ... 48
 Limits    1000.0000000000000        5000.0000000000000        10000.000000000000        20000.000000000000     
 Each class is data <= limit, the very last > last limit
 Total number of values       36105
                                     OBSERVATION
                                    360      354      142       41       10 |       907
                                    724     1958     1692     2262      847 |      7483
              43h22_ref_autumn      247      882     1301     3731     3558 |      9719
                                     85      282      762     2999     5473 |      9601
                                     36      319      789     3182     4069 |      8395

                    SUM            1452     3795     4686    12215    13957 |     36105
                                     OBSERVATION
                                    342      278      152       41       14 |       827
                                    760     2043     1806     2266      907 |      7782
             val46h1rc1_autumn      242      931     1252     3705     3354 |      9484
                                     74      284      755     3017     5671 |      9801
                                     34      259      721     3186     4011 |      8211

                    SUM            1452     3795     4686    12215    13957 |     36105

