 <pre>

 Contingency table for Rh2m (%)
 Selection: Sweden    172 stations
Period: 20221001-20221024
Used {00,06,12,18} + 03 06 ... 48
 Limits    30.000000000000000        50.000000000000000        65.000000000000000        75.000000000000000        85.000000000000000        95.000000000000000        100.00000000000000     
 Each class is data <= limit, the very last > last limit
 Total number of values      228196
                                              OBSERVATION
                                      0        0        0        0        0        0        0        0 |         0
                                      0      447      391       20        5        1        0        0 |       864
                                      0     1337     8014     3584      860      199       29        0 |     14023
              43h22_ref_autumn        0      181     6563    14070     8603     2146      482        0 |     32045
                                      0       40     2006    10075    21698    11574     2709        0 |     48102
                                      0        5      611     4210    18486    30868    15355        0 |     69535
                                      0        0       77      938     7662    19380    33256        0 |     61313
                                      0        0        0        0       98      575     1641        0 |      2314

                    SUM               0     2010    17662    32897    57412    64743    53472        0 |    228196
                                              OBSERVATION
                                      0        0        0        0        0        0        0        0 |         0
                                      0      430      315       16        7        1        0        0 |       769
                                      0     1374     8250     3664      936      243       33        0 |     14500
             val46h1rc1_autumn        0      162     6573    14282     8578     2226      510        0 |     32331
                                      0       37     1890    10048    22470    12061     2811        0 |     49317
                                      0        7      573     4014    18116    31012    15983        0 |     69705
                                      0        0       61      871     7226    18714    32829        0 |     59701
                                      0        0        0        2       79      486     1306        0 |      1873

                    SUM               0     2010    17662    32897    57412    64743    53472        0 |    228196

