 <pre>

 Contingency table for Cloud base (m)
 Selection: Sweden    124 stations
Period: 20221001-20221031
Used {00,06,12,18} + 03 06 ... 48
 Limits    70.000000000000000        150.00000000000000        300.00000000000000        600.00000000000000        1000.0000000000000        1500.0000000000000        2500.0000000000000        5000.0000000000000     
 Each class is data <= limit, the very last > last limit
 Total number of values      104813
                                                       OBSERVATION
                                   1732     3624     1959      498      212      119      140      104        6 |      8394
                                    451     1977     2200      618      199       83       70       73        4 |      5675
                                    472     1777     4133     2243      427      244      200      110       21 |      9627
                                    603     1338     3737     7089     2775      830      653      394       83 |     17502
              43h22_ref_autumn      487      742     1276     2715     5011     2468      946      535      238 |     14418
                                    301      553     1092     1438     1633     2870     1807      779      207 |     10680
                                    253      477      656      738      641     1014     2033     1276      128 |      7216
                                    237      279      451      718      491      618      845     2863      282 |      6784
                                   1764     1745     1662     3008     3316     2762     2581     5064     2615 |     24517

                    SUM            6300    12512    17166    19065    14705    11008     9275    11198     3584 |    104813
                                                       OBSERVATION
                                   1789     3435     1814      393      180      105      130      103        5 |      7954
                                    516     2115     2143      611      191       75       86       83        8 |      5828
                                    459     1859     3962     1972      392      196      180       79        7 |      9106
                                    498     1264     3508     6103     1956      565      433      257       54 |     14638
             val46h1rc1_autumn      463      695     1378     2720     4114     1785      602      327      156 |     12240
                                    227      526     1113     1618     1849     2815     1431      617      184 |     10380
                                    175      398      693      799      736      984     1878      783       99 |      6545
                                    194      281      487      752      549      653      957     2467      228 |      6568
                                   1979     1939     2068     4097     4738     3830     3578     6482     2843 |     31554

                    SUM            6300    12512    17166    19065    14705    11008     9275    11198     3584 |    104813

