 <pre>

 Contingency table for Rh2m (%)
 Selection: Norway    216 stations
Period: 20221001-20221028
Used {00,06,12,18} + 03 06 ... 48
 Limits    30.000000000000000        50.000000000000000        65.000000000000000        75.000000000000000        85.000000000000000        95.000000000000000        100.00000000000000     
 Each class is data <= limit, the very last > last limit
 Total number of values      363846
                                              OBSERVATION
                                      0        0        0        0        0        0        0        0 |         0
                                     40      635      500      254      128       27        3        0 |      1587
                                     66     1752     6285     4432     3089     1735      517        0 |     17876
              43h22_ref_autumn        6      753     8425    15245    14879     8046     2604        0 |     49958
                                      1      227     4842    17530    31485    25303     9875        0 |     89263
                                      0       68     1754     7835    30932    57858    33152        0 |    131599
                                      0        5       79      630     5167    24866    39971        0 |     70718
                                      0        0        0        9      107      562     2167        0 |      2845

                    SUM             113     3440    21885    45935    85787   118397    88289        0 |    363846
                                              OBSERVATION
                                      0        0        0        0        0        0        0        0 |         0
                                     43      640      534      279      151       31        4        0 |      1682
                                     57     1782     6649     5033     3733     2137      615        0 |     20006
             val46h1rc1_autumn       12      709     8307    15504    15414     8639     2864        0 |     51449
                                      1      240     4585    16862    31491    25815    10005        0 |     88999
                                      0       63     1742     7672    29971    57190    33004        0 |    129642
                                      0        6       68      578     4936    24071    39818        0 |     69477
                                      0        0        0        7       91      514     1979        0 |      2591

                    SUM             113     3440    21885    45935    85787   118397    88289        0 |    363846

