 <pre>

 Contingency table for Visibility (m)
 Selection: ALL    700 stations
Period: 20221001-20221024
Used {00,06,12,18} + 03 06 ... 48
 Limits    1000.0000000000000        5000.0000000000000        10000.000000000000        20000.000000000000     
 Each class is data <= limit, the very last > last limit
 Total number of values      957080
                                     OBSERVATION
                                   5767     7287     3865     3739     3752 |     24410
                                  11903    35999    39474    52134    56789 |    196299
              43h22_ref_autumn     3710    14310    28835    60007    85307 |    192169
                                   1655     7300    27842    78690   182067 |    297554
                                    701     3763    14354    59905   167925 |    246648

                    SUM           23736    68659   114370   254475   495840 |    957080
                                     OBSERVATION
                                   5514     6249     3227     3007     3084 |     21081
                                  12345    36873    39596    51907    55730 |    196451
             val46h1rc1_autumn     3645    14583    29385    60984    86484 |    195081
                                   1650     7536    28750    81117   186589 |    305642
                                    582     3418    13412    57460   163953 |    238825

                    SUM           23736    68659   114370   254475   495840 |    957080

