 <pre>

 Contingency table for Visibility (m)
 Selection: Sweden    159 stations
Period: 20221001-20221024
Used {00,06,12,18} + 03 06 ... 48
 Limits    1000.0000000000000        5000.0000000000000        10000.000000000000        20000.000000000000     
 Each class is data <= limit, the very last > last limit
 Total number of values      206871
                                     OBSERVATION
                                   1889     2367     1185     1022     1849 |      8312
                                   3230     6773     6699     8922    22793 |     48417
              43h22_ref_autumn      589     1511     2146     4651    19420 |     28317
                                    374      944     1950     6058    46538 |     55864
                                    128      682     1642     5775    57734 |     65961

                    SUM            6210    12277    13622    26428   148334 |    206871
                                     OBSERVATION
                                   1803     2066     1015      885     1566 |      7335
                                   3290     6941     6697     8744    21826 |     47498
             val46h1rc1_autumn      601     1580     2238     4736    19590 |     28745
                                    402     1048     2039     6261    47601 |     57351
                                    114      642     1633     5802    57751 |     65942

                    SUM            6210    12277    13622    26428   148334 |    206871

