 <pre>

 Contingency table for Visibility (m)
 Selection: Finland     69 stations
Period: 20221001-20221024
Used {00,06,12,18} + 03 06 ... 48
 Limits    1000.0000000000000        5000.0000000000000        10000.000000000000        20000.000000000000     
 Each class is data <= limit, the very last > last limit
 Total number of values      102116
                                     OBSERVATION
                                    356      756      630      839      670 |      3251
                                    849     2356     3423     6411     8983 |     22022
              43h22_ref_autumn      289      568     1039     3016     7833 |     12745
                                    175      426      963     5627    22413 |     29604
                                     58      187      576     9554    24119 |     34494

                    SUM            1727     4293     6631    25447    64018 |    102116
                                     OBSERVATION
                                    303      644      508      622      495 |      2572
                                    917     2434     3489     6461     8805 |     22106
             val46h1rc1_autumn      270      585     1102     3014     8206 |     13177
                                    177      459      967     5796    22900 |     30299
                                     60      171      565     9554    23612 |     33962

                    SUM            1727     4293     6631    25447    64018 |    102116

