 <pre>

 Contingency table for Rh2m (%)
 Selection: Norway    216 stations
Period: 20221001-20221024
Used {00,06,12,18} + 03 06 ... 48
 Limits    30.000000000000000        50.000000000000000        65.000000000000000        75.000000000000000        85.000000000000000        95.000000000000000        100.00000000000000     
 Each class is data <= limit, the very last > last limit
 Total number of values      310467
                                              OBSERVATION
                                      0        0        0        0        0        0        0        0 |         0
                                     40      635      495      249      135       26        3        0 |      1583
                                     66     1744     6095     4215     2970     1597      531        0 |     17218
              43h22_ref_autumn        6      738     7910    14292    13932     7275     2429        0 |     46582
                                      1      213     4415    16002    28765    22637     8778        0 |     80811
                                      0       63     1530     7003    26994    48899    25402        0 |    109891
                                      0        5       74      519     4302    20010    28430        0 |     53340
                                      0        0        0        7       83      298      654        0 |      1042

                    SUM             113     3398    20519    42287    77181   100742    66227        0 |    310467
                                              OBSERVATION
                                      0        0        0        0        0        0        0        0 |         0
                                     43      640      530      269      153       30        4        0 |      1669
                                     57     1772     6434     4792     3571     1984      630        0 |     19240
             val46h1rc1_autumn       12      690     7820    14574    14439     7857     2698        0 |     48090
                                      1      230     4157    15386    28773    23112     8930        0 |     80589
                                      0       60     1515     6791    26136    48227    25321        0 |    108050
                                      0        6       63      469     4037    19279    28098        0 |     51952
                                      0        0        0        6       72      253      546        0 |       877

                    SUM             113     3398    20519    42287    77181   100742    66227        0 |    310467

