 <pre>

 Contingency table for Cloud base (m)
 Selection: Norway     32 stations
Period: 20221001-20221024
Used {00,06,12,18} + 03 06 ... 48
 Limits    70.000000000000000        150.00000000000000        300.00000000000000        600.00000000000000        1000.0000000000000        1500.0000000000000        2500.0000000000000        5000.0000000000000     
 Each class is data <= limit, the very last > last limit
 Total number of values       17797
                                                       OBSERVATION
                                    158       93      265       95       17       15        9        0        0 |       652
                                     69       90      232       84       12       12        3        0        0 |       502
                                     80      154      518      184       47       28        6        0        0 |      1017
                                    164      236     1218      759      214       87       65        0        0 |      2743
              43h22_ref_autumn       99      169     1291     1287      379      112       87        0        0 |      3424
                                     80      131      781      664      343       98       85        0        0 |      2182
                                     42       45      363      426      229      133      114        0        0 |      1352
                                     41       41      292      371      209       92      187        0        0 |      1233
                                    183      154      971     1289      969      458      668        0        0 |      4692

                    SUM             916     1113     5931     5159     2419     1035     1224        0        0 |     17797
                                                       OBSERVATION
                                    160       78      236       79       19       14        6        0        0 |       592
                                     65       92      236      105        8       10        2        0        0 |       518
                                     79      162      464      180       51       30       15        0        0 |       981
                                    153      218     1048      562      189       92       47        0        0 |      2309
             val46h1rc1_autumn       88      136     1030      971      250       68       53        0        0 |      2596
                                     62      125      833      672      295       80       76        0        0 |      2143
                                     45       50      427      437      210      106       77        0        0 |      1352
                                     38       49      356      404      187      102      189        0        0 |      1325
                                    226      203     1301     1749     1210      533      759        0        0 |      5981

                    SUM             916     1113     5931     5159     2419     1035     1224        0        0 |     17797

