 <pre>

 Contingency table for Rh2m (%)
 Selection: Norway    216 stations
Period: 20221001-20221031
Used {00,06,12,18} + 03 06 ... 48
 Limits    30.000000000000000        50.000000000000000        65.000000000000000        75.000000000000000        85.000000000000000        95.000000000000000        100.00000000000000     
 Each class is data <= limit, the very last > last limit
 Total number of values      404050
                                              OBSERVATION
                                      0        0        0        0        0        0        0        0 |         0
                                     40      635      500      254      135       27        3        0 |      1594
                                     66     1796     6723     5011     3433     2015      603        0 |     19647
              43h22_ref_autumn        6      876     9120    16774    16198     9039     3069        0 |     55082
                                      1      250     5299    19045    34068    28135    11465        0 |     98263
                                      0       68     1838     8461    33352    64439    38352        0 |    146510
                                      0        5       80      671     5631    27081    45942        0 |     79410
                                      0        0        0        9      115      675     2745        0 |      3544

                    SUM             113     3630    23560    50225    92932   131411   102179        0 |    404050
                                              OBSERVATION
                                      0        0        0        0        0        0        0        0 |         0
                                     43      640      534      279      155       31        4        0 |      1686
                                     57     1828     7104     5685     4108     2444      704        0 |     21930
             val46h1rc1_autumn       12      828     9010    17134    16754     9630     3300        0 |     56668
                                      1      265     5014    18234    34073    28656    11524        0 |     97767
                                      0       63     1828     8268    32350    63740    38229        0 |    144478
                                      0        6       70      618     5399    26307    45921        0 |     78321
                                      0        0        0        7       93      603     2497        0 |      3200

                    SUM             113     3630    23560    50225    92932   131411   102179        0 |    404050

