 <pre>

 Contingency table for Rh2m (%)
 Selection: Finland    130 stations
Period: 20221001-20221031
Used {00,06,12,18} + 03 06 ... 48
 Limits    30.000000000000000        50.000000000000000        65.000000000000000        75.000000000000000        85.000000000000000        95.000000000000000        100.00000000000000     
 Each class is data <= limit, the very last > last limit
 Total number of values      250139
                                              OBSERVATION
                                      0        0        0        0        0        0        0        0 |         0
                                      0       46      136       14        5        2        0        0 |       203
                                      0      140     5795     4979     1382      358       17        0 |     12671
              43h22_ref_autumn        0        4     2308    12300    10602     3286      462        0 |     28962
                                      0        0      355     4931    23076    18317     3545        0 |     50224
                                      0        0       46      803    10231    47524    22779        0 |     81383
                                      0        0        0       66     1193    20155    51200        0 |     72614
                                      0        0        0        0        3      523     3556        0 |      4082

                    SUM               0      190     8640    23093    46492    90165    81559        0 |    250139
                                              OBSERVATION
                                      0        0        0        0        0        0        0        0 |         0
                                      0       41      119       12        8        1        0        0 |       181
                                      0      141     5712     4898     1427      342       19        0 |     12539
             val46h1rc1_autumn        0        8     2472    12253    10214     3336      473        0 |     28756
                                      0        0      293     5106    23390    18107     3533        0 |     50429
                                      0        0       43      760    10398    48514    23302        0 |     83017
                                      0        0        1       64     1054    19483    51218        0 |     71820
                                      0        0        0        0        1      382     3014        0 |      3397

                    SUM               0      190     8640    23093    46492    90165    81559        0 |    250139

