 <pre>

 Contingency table for Visibility (m)
 Selection: ALL    700 stations
Period: 20221001-20221028
Used {00,06,12,18} + 03 06 ... 48
 Limits    1000.0000000000000        5000.0000000000000        10000.000000000000        20000.000000000000     
 Each class is data <= limit, the very last > last limit
 Total number of values     1122651
                                     OBSERVATION
                                  10214    13428     6729     5654     6051 |     42076
                                  16445    49547    51789    65333    73253 |    256367
              43h22_ref_autumn     4845    17135    33816    70849   102060 |    228705
                                   2024     8832    30833    85952   202471 |    330112
                                    805     4370    16148    65841   178227 |    265391

                    SUM           34333    93312   139315   293629   562062 |   1122651
                                     OBSERVATION
                                   9800    11716     5735     4635     5205 |     37091
                                  17110    51115    52292    65227    71967 |    257711
             val46h1rc1_autumn     4747    17494    34386    71974   103297 |    231898
                                   2001     8995    31770    88512   207224 |    338502
                                    675     3992    15132    63281   174369 |    257449

                    SUM           34333    93312   139315   293629   562062 |   1122651

