 <pre>

 Contingency table for Cloud cover (octas)
 Selection: Sweden    107 stations
Period: 20221001-20221028
Used {00,06,12,18} + 03 06 ... 48
 Limits   0.50000000000000000        1.5000000000000000        2.5000000000000000        3.5000000000000000        4.5000000000000000        5.5000000000000000        6.5000000000000000        7.5000000000000000     
 Each class is data <= limit, the very last > last limit
 Total number of values      170572
                                                       OBSERVATION
                                  19668     1265      728      559      478      432      387      693     1620 |     25830
                                   3447      561      314      274      255      295      235      430      983 |      6794
                                   2093      318      191      200      129      198      173      339      712 |      4353
                                   1603      294      180      154      151      151      188      319      726 |      3766
              43h22_ref_autumn     1438      275      146      158      135      131      179      324      732 |      3518
                                   1505      272      178      155      141      199      175      342      861 |      3828
                                   1789      352      238      218      192      217      246      508     1215 |      4975
                                   2754      514      393      354      313      397      403      919     2403 |      8450
                                  12791     3855     2770     2836     2695     3911     4279    11427    64494 |    109058

                    SUM           47088     7706     5138     4908     4489     5931     6265    15301    73746 |    170572
                                                       OBSERVATION
                                  23417     2140     1273     1043      925      889      863     1561     3614 |     35725
                                   2222      445      229      251      202      237      297      526     1207 |      5616
                                   1395      244      161      185      135      173      179      327      886 |      3685
                                   1242      224      124      119      102      121      129      273      737 |      3071
             val46h1rc1_autumn     1170      219      133      117      102      113      157      269      666 |      2946
                                   1201      195      123      134      107      137      153      310      734 |      3094
                                   1518      263      199      162      150      182      174      405     1024 |      4077
                                   2624      451      316      289      226      305      335      689     2016 |      7251
                                  12299     3525     2580     2608     2540     3774     3978    10941    62862 |    105107

                    SUM           47088     7706     5138     4908     4489     5931     6265    15301    73746 |    170572

