 <pre>

 Contingency table for Visibility (m)
 Selection: ALL    700 stations
Period: 20221001-20221015
Used {00,06,12,18} + 03 06 ... 48
 Limits    1000.0000000000000        5000.0000000000000        10000.000000000000        20000.000000000000     
 Each class is data <= limit, the very last > last limit
 Total number of values      598533
                                     OBSERVATION
                                   3230     3996     2477     2463     2228 |     14394
                                   6991    21324    24007    34690    33935 |    120947
              43h22_ref_autumn     2392     9230    17842    39252    53351 |    122067
                                   1144     4916    17548    53616   114986 |    192210
                                    317     1738     7621    35873   103366 |    148915

                    SUM           14074    41204    69495   165894   307866 |    598533
                                     OBSERVATION
                                   3078     3560     2064     1987     1888 |     12577
                                   7277    21712    24048    34495    33437 |    120969
             val46h1rc1_autumn     2259     9168    17844    39085    53110 |    121466
                                   1123     4912    17831    54229   115546 |    193641
                                    337     1852     7708    36098   103885 |    149880

                    SUM           14074    41204    69495   165894   307866 |    598533

