 <pre>

 Contingency table for Cloud cover (octas)
 Selection: Sweden    107 stations
Period: 20221001-20221024
Used {00,06,12,18} + 03 06 ... 48
 Limits   0.50000000000000000        1.5000000000000000        2.5000000000000000        3.5000000000000000        4.5000000000000000        5.5000000000000000        6.5000000000000000        7.5000000000000000     
 Each class is data <= limit, the very last > last limit
 Total number of values      144734
                                                       OBSERVATION
                                  19271     1221      704      553      445      429      370      666     1429 |     25088
                                   3243      532      295      268      232      282      216      400      832 |      6300
                                   1940      302      178      187      114      184      146      308      584 |      3943
                                   1478      272      169      143      129      138      170      284      611 |      3394
              43h22_ref_autumn     1313      255      135      145      116      125      164      287      607 |      3147
                                   1361      250      167      149      122      178      155      318      704 |      3404
                                   1595      325      225      197      172      194      229      459     1008 |      4404
                                   2457      470      366      326      273      368      350      796     1950 |      7356
                                  10606     3374     2471     2515     2292     3292     3677     9632    49839 |     87698

                    SUM           43264     7001     4710     4483     3895     5190     5477    13150    57564 |    144734
                                                       OBSERVATION
                                  22707     2042     1211     1014      838      851      803     1446     3096 |     34008
                                   2066      419      217      234      180      216      268      473     1032 |      5105
                                   1285      232      148      173      124      162      162      290      741 |      3317
                                   1157      216      119      112       91      111      116      250      617 |      2789
             val46h1rc1_autumn     1075      205      125      108       88      103      145      238      573 |      2660
                                   1087      184      115      127       97      124      139      273      595 |      2741
                                   1370      245      193      147      124      168      152      357      849 |      3605
                                   2362      405      301      271      193      281      290      597     1606 |      6306
                                  10155     3053     2281     2297     2160     3174     3402     9226    48455 |     84203

                    SUM           43264     7001     4710     4483     3895     5190     5477    13150    57564 |    144734

