 <pre>

 Contingency table for Cloud cover (octas)
 Selection: Finland     69 stations
Period: 20221001-20221024
Used {00,06,12,18} + 03 06 ... 48
 Limits   0.50000000000000000        1.5000000000000000        2.5000000000000000        3.5000000000000000        4.5000000000000000        5.5000000000000000        6.5000000000000000        7.5000000000000000     
 Each class is data <= limit, the very last > last limit
 Total number of values      102020
                                                       OBSERVATION
                                   7547      861      237      244      114      266      114      632      391 |     10406
                                   1921      424      142      187       96      152       80      460      351 |      3813
                                   1080      256       93      123       68      137       67      397      259 |      2480
                                    885      189       80      107       54      131       66      393      282 |      2187
              43h22_ref_autumn      831      222       70      121       62      118       82      404      308 |      2218
                                    766      236      108      158       73      154       80      455      356 |      2386
                                    946      285      108      198      112      211      134      734      527 |      3255
                                   1388      476      191      320      201      384      218     1306     1012 |      5496
                                   4281     2210      858     1652      940     2469     1443    21690    34236 |     69779

                    SUM           19645     5159     1887     3110     1720     4022     2284    26471    37722 |    102020
                                                       OBSERVATION
                                  10267     1567      538      595      305      572      329     1643     1097 |     16913
                                   1167      307      119      194      100      214      116      618      493 |      3328
                                    760      215       62      101       48      141       69      450      339 |      2185
                                    600      145       58       99       61      126       62      378      288 |      1817
             val46h1rc1_autumn      611      164       67      108       57      106       76      390      268 |      1847
                                    610      167       71      104       61      127       81      465      343 |      2029
                                    749      239       94      145       92      194      101      630      460 |      2704
                                   1106      383      133      249      137      269      162     1118      833 |      4390
                                   3775     1972      745     1515      859     2273     1288    20779    33601 |     66807

                    SUM           19645     5159     1887     3110     1720     4022     2284    26471    37722 |    102020

