 <pre>

 Contingency table for Rh2m (%)
 Selection: ALL   1048 stations
Period: 20221001-20221031
Used {00,06,12,18} + 03 06 ... 48
 Limits    30.000000000000000        50.000000000000000        65.000000000000000        75.000000000000000        85.000000000000000        95.000000000000000        100.00000000000000     
 Each class is data <= limit, the very last > last limit
 Total number of values     1929455
                                              OBSERVATION
                                      0        0        0        0        0        0        0        0 |         0
                                     47     2529     3666      503      181       46        5        0 |      6977
                                     74     5713    46563    29110    10580     4181     1030        0 |     97251
              43h22_ref_autumn        7     1734    37697    92487    71019    25757     6807        0 |    235508
                                      1      453    15059    71309   171592   120867    31419        0 |    410700
                                      0       93     4029    25161   135622   344870   174155        0 |    683930
                                      0        5      266     2586    23575   147397   298454        0 |    472283
                                      0        0        0       11      267     3078    19450        0 |     22806

                    SUM             129    10527   107280   221167   412836   646196   531320        0 |   1929455
                                              OBSERVATION
                                      0        0        0        0        0        0        0        0 |         0
                                     50     2477     3482      506      221       52        6        0 |      6794
                                     62     5800    47364    29904    11354     4791     1200        0 |    100475
             val46h1rc1_autumn       16     1691    38350    93673    71030    26653     6864        0 |    238277
                                      1      461    13965    70693   174049   121885    31367        0 |    412421
                                      0       92     3884    23931   133539   346439   175453        0 |    683338
                                      0        6      235     2450    22438   143905   299320        0 |    468354
                                      0        0        0       10      205     2471    17110        0 |     19796

                    SUM             129    10527   107280   221167   412836   646196   531320        0 |   1929455

