 <pre>

 Contingency table for Cloud base (m)
 Selection: Norway     32 stations
Period: 20221001-20221028
Used {00,06,12,18} + 03 06 ... 48
 Limits    70.000000000000000        150.00000000000000        300.00000000000000        600.00000000000000        1000.0000000000000        1500.0000000000000        2500.0000000000000        5000.0000000000000     
 Each class is data <= limit, the very last > last limit
 Total number of values       20926
                                                       OBSERVATION
                                    293      144      372      110       19       15        9        0        0 |       962
                                     94      106      324      110       17       13        3        0        0 |       667
                                    120      180      703      246       54       49        6        0        0 |      1358
                                    198      266     1474      875      251      127       66        0        0 |      3257
              43h22_ref_autumn      121      206     1419     1398      453      131      100        0        0 |      3828
                                     93      152      850      754      381      131      108        0        0 |      2469
                                     54       52      404      454      258      155      142        0        0 |      1519
                                     51       50      322      423      246      113      230        0        0 |      1435
                                    278      231     1122     1445     1087      502      766        0        0 |      5431

                    SUM            1302     1387     6990     5815     2766     1236     1430        0        0 |     20926
                                                       OBSERVATION
                                    307      119      328       90       23       14        7        0        0 |       888
                                     98      110      325      137       14       12        2        0        0 |       698
                                    123      191      654      246       55       52       15        0        0 |      1336
                                    174      247     1271      663      227      128       47        0        0 |      2757
             val46h1rc1_autumn      111      169     1147     1044      306       89       63        0        0 |      2929
                                     73      144      902      748      327      102       97        0        0 |      2393
                                     53       55      475      475      227      130       95        0        0 |      1510
                                     46       61      391      457      228      118      228        0        0 |      1529
                                    317      291     1497     1955     1359      591      876        0        0 |      6886

                    SUM            1302     1387     6990     5815     2766     1236     1430        0        0 |     20926

