 <pre>

 Contingency table for Visibility (m)
 Selection: METCOOP    266 stations
Period: 20221001-20221028
Used {00,06,12,18} + 03 06 ... 48
 Limits    1000.0000000000000        5000.0000000000000        10000.000000000000        20000.000000000000     
 Each class is data <= limit, the very last > last limit
 Total number of values      403100
                                     OBSERVATION
                                   5119     6232     3139     3172     3772 |     21434
                                   6173    14613    14690    21393    42684 |     99553
              43h22_ref_autumn     1357     3260     4812    11364    35097 |     55890
                                    937     2507     4602    15668    83682 |    107396
                                    336     1507     4209    18999    93776 |    118827

                    SUM           13922    28119    31452    70596   259011 |    403100
                                     OBSERVATION
                                   4928     5549     2723     2665     3242 |     19107
                                   6384    15154    14856    21334    41246 |     98974
             val46h1rc1_autumn     1323     3314     4939    11485    35651 |     56712
                                    982     2617     4735    16043    85417 |    109794
                                    305     1485     4199    19069    93455 |    118513

                    SUM           13922    28119    31452    70596   259011 |    403100

