 <pre>

 Contingency table for Cloud base (m)
 Selection: Estonia     19 stations
Period: 20221001-20221024
Used {00,06,12,18} + 03 06 ... 48
 Limits    70.000000000000000        150.00000000000000        300.00000000000000        600.00000000000000        1000.0000000000000        1500.0000000000000        2500.0000000000000        5000.0000000000000     
 Each class is data <= limit, the very last > last limit
 Total number of values       12862
                                                       OBSERVATION
                                      8      249      102        9        4       32        8        1        0 |       413
                                      8      231      257       45       14        7       15        0        1 |       578
                                      3      153      570      335       47       30       26        7        1 |      1172
                                      2       95      521     1007      335       97       33       36       30 |      2156
              43h22_ref_autumn       12      101      201      656     1502      457       91       67       39 |      3126
                                     13       95      184      294      641      576      220       36       50 |      2109
                                     11       42       84      157      144      159      199       33       12 |       841
                                      1       25       38      128      101       47       30      148       17 |       535
                                     28      128      113      363      478      287       92      207      236 |      1932

                    SUM              86     1119     2070     2994     3266     1692      714      535      386 |     12862
                                                       OBSERVATION
                                      7      219       71        1        2       24        3        1        0 |       328
                                      9      218      215       36       14        5        8        0        2 |       507
                                      4      161      570      264       33       21       15        3        2 |      1073
                                      6      101      486      829      246       70       31       27       10 |      1806
             val46h1rc1_autumn        9       92      189      603     1132      350       58       49       23 |      2505
                                      9       84      202      366      757      599      195       25       42 |      2279
                                      6       46      107      209      200      186      222       21        7 |      1004
                                      1       12       32      150      114       33       30      112       14 |       498
                                     35      186      198      536      768      404      152      297      286 |      2862

                    SUM              86     1119     2070     2994     3266     1692      714      535      386 |     12862

