 <pre>

 Contingency table for Low clouds (octas)
 Selection: Finland     69 stations
Period: 20221001-20221028
Used {00,06,12,18} + 03 06 ... 48
 Limits    1.0000000000000000        2.0000000000000000        3.0000000000000000        4.0000000000000000        5.0000000000000000        6.0000000000000000        7.0000000000000000     
 Each class is data <= limit, the very last > last limit
 Total number of values      112985
                                              OBSERVATION
                                  21408      511      714      407      599      373     1877     2283 |     28172
                                   1749      147      154       91      170       94      492      521 |      3418
                                   1296       86      126       74      152       92      402      477 |      2705
              43h22_ref_autumn     1194       95      154       70      138       88      425      467 |      2631
                                   1089       99      130       85      168      107      479      577 |      2734
                                   1066      114      180      104      206      133      601      735 |      3139
                                   1570      148      251      174      304      197     1056     1300 |      5000
                                   6082      619     1349      788     1963     1096    14107    39182 |     65186

                    SUM           35454     1819     3058     1793     3700     2180    19439    45542 |    112985
                                              OBSERVATION
                                  26792      980     1312      778     1261      804     3755     4249 |     39931
                                    823       60      113       66      132       83      395      499 |      2171
                                    528       58       83       44      109       52      319      356 |      1549
             val46h1rc1_autumn      442       55       76       41       93       52      290      332 |      1381
                                    439       51       71       42       78       67      294      364 |      1406
                                    501       50       93       55      110       55      363      475 |      1702
                                    727       71      140       64      177       87      657      847 |      2770
                                   5202      494     1170      703     1740      980    13366    38420 |     62075

                    SUM           35454     1819     3058     1793     3700     2180    19439    45542 |    112985

