 <pre>

 Contingency table for Rh2m (%)
 Selection: Finland    130 stations
Period: 20221001-20221028
Used {00,06,12,18} + 03 06 ... 48
 Limits    30.000000000000000        50.000000000000000        65.000000000000000        75.000000000000000        85.000000000000000        95.000000000000000        100.00000000000000     
 Each class is data <= limit, the very last > last limit
 Total number of values      225436
                                              OBSERVATION
                                      0        0        0        0        0        0        0        0 |         0
                                      0       39      106        6        5        2        0        0 |       158
                                      0       68     3703     3073      911      264       15        0 |      8034
              43h22_ref_autumn        0        3     1794    10501     9278     2856      410        0 |     24842
                                      0        0      281     4584    21571    16696     3191        0 |     46323
                                      0        0       28      763     9812    44601    20888        0 |     76092
                                      0        0        0       62     1179    19014    46020        0 |     66275
                                      0        0        0        0        3      500     3209        0 |      3712

                    SUM               0      110     5912    18989    42759    83933    73733        0 |    225436
                                              OBSERVATION
                                      0        0        0        0        0        0        0        0 |         0
                                      0       33       95        8        8        1        0        0 |       145
                                      0       73     3679     3086      989      257       18        0 |      8102
             val46h1rc1_autumn        0        4     1893    10384     8927     2891      419        0 |     24518
                                      0        0      223     4733    21844    16463     3250        0 |     46513
                                      0        0       22      721     9947    45550    21338        0 |     77578
                                      0        0        0       57     1043    18409    46021        0 |     65530
                                      0        0        0        0        1      362     2687        0 |      3050

                    SUM               0      110     5912    18989    42759    83933    73733        0 |    225436

