 <pre>

 Contingency table for Cloud cover (octas)
 Selection: ALL    609 stations
Period: 20221001-20221028
Used {00,06,12,18} + 03 06 ... 48
 Limits   0.50000000000000000        1.5000000000000000        2.5000000000000000        3.5000000000000000        4.5000000000000000        5.5000000000000000        6.5000000000000000        7.5000000000000000     
 Each class is data <= limit, the very last > last limit
 Total number of values      957833
                                                       OBSERVATION
                                  59211     9457     6843     4111     2514     2876     2934     4319     7707 |     99972
                                  12625     3421     2756     2197     1504     1937     2076     3453     5795 |     35764
                                   7336     1992     1806     1547     1007     1433     1643     2819     4702 |     24285
                                   6121     1705     1535     1372      949     1332     1646     2741     4579 |     21980
              43h22_ref_autumn     5764     1713     1518     1365      993     1378     1792     3060     5108 |     22691
                                   5607     1826     1633     1493     1063     1642     1987     3553     6093 |     24897
                                   6761     2194     2093     1947     1453     2118     2691     5070     8833 |     33160
                                  10354     3437     3206     3055     2385     3622     4756     9706    17440 |     57961
                                  37047    14922    13588    14834    11890    21650    34357   124511   364324 |    637123

                    SUM          150826    40667    34978    31921    23758    37988    53882   159232   424581 |    957833
                                                       OBSERVATION
                                  76091    15158    11714     8131     5242     6521     7294    11151    18070 |    159372
                                   8004     2437     2111     2036     1391     2037     2568     4432     7253 |     32269
                                   4966     1492     1314     1255      869     1306     1613     3039     5141 |     20995
                                   4161     1220     1086     1002      748     1068     1327     2625     4635 |     17872
             val46h1rc1_autumn     4020     1256     1050     1014      783     1046     1411     2635     4609 |     17824
                                   4276     1284     1208     1114      843     1254     1579     3028     5247 |     19833
                                   5378     1700     1607     1421     1108     1741     2080     4484     7767 |     27286
                                   8574     2647     2467     2354     1801     2806     3796     8270    15549 |     48264
                                  35356    13473    12421    13594    10973    20209    32214   119568   356310 |    614118

                    SUM          150826    40667    34978    31921    23758    37988    53882   159232   424581 |    957833

