 <pre>

 Contingency table for Visibility (m)
 Selection: METCOOP    266 stations
Period: 20221001-20221024
Used {00,06,12,18} + 03 06 ... 48
 Limits    1000.0000000000000        5000.0000000000000        10000.000000000000        20000.000000000000     
 Each class is data <= limit, the very last > last limit
 Total number of values      342858
                                     OBSERVATION
                                   2485     3384     1955     2079     2703 |     12606
                                   4333     9998    11102    16638    33544 |     75615
              43h22_ref_autumn     1037     2431     3808     8714    29519 |     45509
                                    700     1818     3896    13508    76791 |     96713
                                    282     1273     3562    17556    89742 |    112415

                    SUM            8837    18904    24323    58495   232299 |    342858
                                     OBSERVATION
                                   2357     2930     1649     1708     2205 |     10849
                                   4450    10281    11114    16490    32316 |     74651
             val46h1rc1_autumn     1021     2483     3955     8782    30031 |     46272
                                    745     1966     4019    13887    78399 |     99016
                                    264     1244     3586    17628    89348 |    112070

                    SUM            8837    18904    24323    58495   232299 |    342858

