 <pre>

 Contingency table for Visibility (m)
 Selection: Estonia     22 stations
Period: 20221001-20221028
Used {00,06,12,18} + 03 06 ... 48
 Limits    1000.0000000000000        5000.0000000000000        10000.000000000000        20000.000000000000     
 Each class is data <= limit, the very last > last limit
 Total number of values       38068
                                     OBSERVATION
                                    230      711      430      356       67 |      1794
                                    400     1268     1605     4478     1387 |      9138
              43h22_ref_autumn       58      269      654     4217     2736 |      7934
                                     24      113      308     5255     5386 |     11086
                                     36       66      142     2231     5641 |      8116

                    SUM             748     2427     3139    16537    15217 |     38068
                                     OBSERVATION
                                    201      650      362      267       61 |      1541
                                    436     1291     1600     4531     1365 |      9223
             val46h1rc1_autumn       58      294      708     4385     2761 |      8206
                                     17      122      312     5330     5493 |     11274
                                     36       70      157     2024     5537 |      7824

                    SUM             748     2427     3139    16537    15217 |     38068

