 <pre>

 Contingency table for Cloud cover (octas)
 Selection: ALL    609 stations
Period: 20221001-20221031
Used {00,06,12,18} + 03 06 ... 48
 Limits   0.50000000000000000        1.5000000000000000        2.5000000000000000        3.5000000000000000        4.5000000000000000        5.5000000000000000        6.5000000000000000        7.5000000000000000     
 Each class is data <= limit, the very last > last limit
 Total number of values     1063882
                                                       OBSERVATION
                                  71280    10687     7845     4786     2815     3355     3577     5347     9474 |    119166
                                  14860     3807     3067     2444     1646     2198     2387     4054     6659 |     41122
                                   8480     2210     2027     1694     1129     1601     1861     3226     5370 |     27598
                                   6950     1890     1676     1488     1047     1443     1843     3091     5167 |     24595
              43h22_ref_autumn     6483     1876     1668     1467     1092     1515     1970     3480     5740 |     25291
                                   6333     1962     1799     1607     1141     1771     2182     3983     6853 |     27631
                                   7532     2400     2284     2098     1588     2324     2970     5634     9945 |     36775
                                  11579     3728     3466     3327     2581     3954     5238    10754    19565 |     64192
                                  41346    16210    14692    15984    12864    23357    37538   135618   399903 |    697512

                    SUM          174843    44770    38524    34895    25903    41518    59566   175187   468676 |   1063882
                                                       OBSERVATION
                                  90241    16864    13126     9030     5721     7329     8332    12992    20885 |    184520
                                   9363     2697     2362     2223     1516     2262     2858     4995     8134 |     36410
                                   5770     1646     1464     1381      953     1422     1809     3418     5724 |     23587
                                   4813     1326     1212     1107      811     1180     1492     2948     5148 |     20037
             val46h1rc1_autumn     4600     1364     1164     1104      842     1155     1560     2932     5079 |     19800
                                   4804     1416     1306     1227      940     1365     1724     3386     5833 |     22001
                                   6036     1861     1760     1546     1198     1883     2287     4939     8690 |     30200
                                   9746     2889     2661     2566     1997     3066     4192     9131    17379 |     53627
                                  39470    14707    13469    14711    11925    21856    35312   130446   391804 |    673700

                    SUM          174843    44770    38524    34895    25903    41518    59566   175187   468676 |   1063882

