 <pre>

 Contingency table for Cloud base (m)
 Selection: Estonia     21 stations
Period: 20221001-20221028
Used {00,06,12,18} + 03 06 ... 48
 Limits    70.000000000000000        150.00000000000000        300.00000000000000        600.00000000000000        1000.0000000000000        1500.0000000000000        2500.0000000000000        5000.0000000000000     
 Each class is data <= limit, the very last > last limit
 Total number of values       16074
                                                       OBSERVATION
                                     89      913      272       35        4       34        8        1        1 |      1357
                                     12      450      493       63       22       14       15        0        2 |      1071
                                      3      303      871      395       58       47       27        8        1 |      1713
                                      2      167      809     1222      375      106       34       37       32 |      2784
              43h22_ref_autumn       12      179      339      750     1539      475       98       68       59 |      3519
                                     13      116      224      312      646      582      225       36       55 |      2209
                                     11       53      102      163      160      161      204       38       15 |       907
                                      1       30       46      128      104       48       33      153       17 |       560
                                     28      134      118      365      482      288       92      207      240 |      1954

                    SUM             171     2345     3274     3433     3390     1755      736      548      422 |     16074
                                                       OBSERVATION
                                     87      854      246       22        4       25        3        1        2 |      1244
                                     14      468      473       52       19       13        8        0        2 |      1049
                                      4      307      821      319       45       32       16        4        2 |      1550
                                      6      179      765     1035      285       77       31       28       11 |      2417
             val46h1rc1_autumn        9      153      333      706     1174      369       61       53       39 |      2897
                                      9      118      265      388      763      611      200       25       47 |      2426
                                      6       56      122      217      210      190      228       26       10 |      1065
                                      1       13       36      151      119       33       34      113       14 |       514
                                     35      197      213      543      771      405      155      298      295 |      2912

                    SUM             171     2345     3274     3433     3390     1755      736      548      422 |     16074

