 <pre>

 Contingency table for Cloud cover (octas)
 Selection: Finland     69 stations
Period: 20221001-20221028
Used {00,06,12,18} + 03 06 ... 48
 Limits   0.50000000000000000        1.5000000000000000        2.5000000000000000        3.5000000000000000        4.5000000000000000        5.5000000000000000        6.5000000000000000        7.5000000000000000     
 Each class is data <= limit, the very last > last limit
 Total number of values      119565
                                                       OBSERVATION
                                   7605      873      241      251      116      271      115      660      431 |     10563
                                   1954      436      143      189      105      154       81      480      402 |      3944
                                   1105      261       95      126       73      140       67      430      291 |      2588
                                    902      195       82      107       56      136       68      408      326 |      2280
              43h22_ref_autumn      852      227       72      129       68      119       83      431      353 |      2334
                                    788      244      110      164       78      159       82      481      404 |      2510
                                    974      292      109      210      118      213      139      765      599 |      3419
                                   1434      489      193      333      208      391      221     1386     1173 |      5828
                                   4518     2271      885     1757      973     2580     1534    24189    47392 |     86099

                    SUM           20132     5288     1930     3266     1795     4163     2390    29230    51371 |    119565
                                                       OBSERVATION
                                  10359     1595      546      602      313      584      335     1713     1231 |     17278
                                   1207      316      122      199      102      219      120      666      541 |      3492
                                    783      219       63      104       55      144       71      473      372 |      2284
                                    615      149       58      104       68      128       62      403      336 |      1923
             val46h1rc1_autumn      624      168       67      115       59      108       76      417      308 |      1942
                                    626      171       72      111       67      128       82      487      395 |      2139
                                    770      245       95      155      101      198      104      669      535 |      2872
                                   1153      397      137      270      142      275      166     1186      976 |      4702
                                   3995     2028      770     1606      888     2379     1374    23216    46677 |     82933

                    SUM           20132     5288     1930     3266     1795     4163     2390    29230    51371 |    119565

