 <pre>

 Contingency table for Visibility (m)
 Selection: Estonia     22 stations
Period: 20221001-20221024
Used {00,06,12,18} + 03 06 ... 48
 Limits    1000.0000000000000        5000.0000000000000        10000.000000000000        20000.000000000000     
 Each class is data <= limit, the very last > last limit
 Total number of values       32452
                                     OBSERVATION
                                     31      161       95      128       17 |       432
                                    327      782      946     3420     1071 |      6546
              43h22_ref_autumn       56      226      528     3739     2360 |      6909
                                     20       85      261     5111     5220 |     10697
                                     36       55      114     2166     5497 |      7868

                    SUM             470     1309     1944    14564    14165 |     32452
                                     OBSERVATION
                                     18      127       64       77       15 |       301
                                    348      785      916     3466     1052 |      6567
             val46h1rc1_autumn       55      243      569     3888     2423 |      7178
                                     14      100      276     5169     5303 |     10862
                                     35       54      119     1964     5372 |      7544

                    SUM             470     1309     1944    14564    14165 |     32452

