 <pre>

 Contingency table for Cloud base (m)
 Selection: ALL    634 stations
Period: 20221001-20221031
Used {00,06,12,18} + 03 06 ... 48
 Limits    70.000000000000000        150.00000000000000        300.00000000000000        600.00000000000000        1000.0000000000000        1500.0000000000000        2500.0000000000000        5000.0000000000000     
 Each class is data <= limit, the very last > last limit
 Total number of values      609455
                                                       OBSERVATION
                                  10885    13914     7145     4101     2207      517      363      647      112 |     39891
                                   2636     9356     9273     4878     2558      479      296      552       89 |     30117
                                   1911     7674    17902    13444     5675     1299      764     1025      145 |     49839
                                   2089     4713    15785    34214    19335     4532     2110     2868      802 |     86448
              43h22_ref_autumn     2259     3347     7629    20439    38811    14096     4080     5622     3250 |     99533
                                   1799     2274     5016     9814    19463    16995     7168     6395     4094 |     73018
                                    726     1404     2797     4341     6189     4743     6538     5142      822 |     32702
                                    858     1130     1956     3505     4219     2557     4132    13765     1552 |     33674
                                   7301     5094     7437    15427    25533    15524    11309    34766    41842 |    164233

                    SUM           30464    48906    74940   110163   123990    60742    36760    70782    52708 |    609455
                                                       OBSERVATION
                                  10742    12984     6389     3586     1924      446      325      682      138 |     37216
                                   3041     9723     8834     4740     2502      416      317      523       78 |     30174
                                   1898     7944    17285    11994     5028     1132      604      869      132 |     46886
                                   1819     4522    15002    29457    14985     3427     1504     2163      555 |     73434
             val46h1rc1_autumn     1858     2959     7377    18754    30416    10480     2707     3939     1872 |     80362
                                   1511     2226     5176    10756    20278    15839     6038     5300     2835 |     69959
                                    596     1319     2946     5076     6850     4752     5838     3963      585 |     31925
                                    681     1057     2049     3809     4240     2519     3906    10150     1011 |     29422
                                   8318     6172     9882    21991    37767    21731    15521    43193    45502 |    210077

                    SUM           30464    48906    74940   110163   123990    60742    36760    70782    52708 |    609455

