 <pre>

 Contingency table for Cloud base (m)
 Selection: Denmark     18 stations
Period: 20221001-20221031
Used {00,06,12,18} + 03 06 ... 48
 Limits    70.000000000000000        150.00000000000000        300.00000000000000        600.00000000000000        1000.0000000000000        1500.0000000000000        2500.0000000000000        5000.0000000000000     
 Each class is data <= limit, the very last > last limit
 Total number of values       15214
                                                       OBSERVATION
                                    288      276      111       42       26       11       11        5        3 |       773
                                     70      258      199       77       27       14        1       11       11 |       668
                                     46      168      359      385       82       45       13       22        8 |      1128
                                     60      100      224     1027      339      165       76       80       60 |      2131
              43h22_ref_autumn      108      130      198      518      780      682      193      182      139 |      2930
                                     52      110      145      258      421      708      332      212      150 |      2388
                                     22       76       99       86       66      167      192      220       32 |       960
                                     29       88      101       74       52       60       94      578       67 |      1143
                                    168      228      185      425      332      343      233      548      631 |      3093

                    SUM             843     1434     1621     2892     2125     2195     1145     1858     1101 |     15214
                                                       OBSERVATION
                                    283      255       97       44       24       10        9       11        4 |       737
                                     90      265      192       59       25       16        1       10       10 |       668
                                     48      221      388      323       66       38       13       17       11 |      1125
                                     47       91      218      888      287      112       61       70       43 |      1817
             val46h1rc1_autumn       82      124      206      542      669      537      153      140       89 |      2542
                                     49       91      107      296      442      730      305      177      132 |      2329
                                     14       56       82       94       61      155      186      188       25 |       861
                                     36       75       82       63       50       80       99      487       44 |      1016
                                    194      256      249      583      501      517      318      758      743 |      4119

                    SUM             843     1434     1621     2892     2125     2195     1145     1858     1101 |     15214

