 <pre>

 Contingency table for Cloud base (m)
 Selection: Sweden    124 stations
Period: 20221001-20221028
Used {00,06,12,18} + 03 06 ... 48
 Limits    70.000000000000000        150.00000000000000        300.00000000000000        600.00000000000000        1000.0000000000000        1500.0000000000000        2500.0000000000000        5000.0000000000000     
 Each class is data <= limit, the very last > last limit
 Total number of values       94526
                                                       OBSERVATION
                                   1569     3294     1803      430      178      108      137      100        6 |      7625
                                    383     1801     2072      577      166       80       68       70        4 |      5221
                                    373     1511     3844     2062      384      233      192       98       21 |      8718
                                    380     1074     3399     6332     2523      783      622      359       82 |     15554
              43h22_ref_autumn      299      592     1215     2492     4700     2338      914      522      225 |     13297
                                    281      499     1048     1385     1555     2710     1710      719      206 |     10113
                                    239      437      613      692      603      901     1864     1165      116 |      6630
                                    217      249      408      685      479      590      772     2637      264 |      6301
                                   1411     1370     1411     2550     3037     2562     2398     4127     2201 |     21067

                    SUM            5152    10827    15813    17205    13625    10305     8677     9797     3125 |     94526
                                                       OBSERVATION
                                   1619     3132     1666      342      144       95      128      101        4 |      7231
                                    439     1888     2017      569      160       69       82       77        8 |      5309
                                    363     1598     3672     1798      363      190      174       68        7 |      8233
                                    306     1011     3174     5397     1754      530      411      235       52 |     12870
             val46h1rc1_autumn      269      552     1324     2479     3788     1669      584      316      151 |     11132
                                    214      476     1081     1565     1772     2681     1366      584      183 |      9922
                                    165      363      649      764      704      879     1731      714       91 |      6060
                                    179      255      437      725      531      617      865     2305      215 |      6129
                                   1598     1552     1793     3566     4409     3575     3336     5397     2414 |     27640

                    SUM            5152    10827    15813    17205    13625    10305     8677     9797     3125 |     94526

