 <pre>

 Contingency table for Low clouds (octas)
 Selection: ALL    628 stations
Period: 20221001-20221028
Used {00,06,12,18} + 03 06 ... 48
 Limits    1.0000000000000000        2.0000000000000000        3.0000000000000000        4.0000000000000000        5.0000000000000000        6.0000000000000000        7.0000000000000000     
 Each class is data <= limit, the very last > last limit
 Total number of values      899385
                                              OBSERVATION
                                 221014    12888     9795     6502     6349     6728    11173    19379 |    293828
                                  15557     2506     2215     1611     1801     1778     3137     4740 |     33345
                                  11133     2021     1875     1327     1520     1619     2625     4041 |     26161
              43h22_ref_autumn    10334     2021     1924     1368     1508     1649     2812     4113 |     25729
                                   9743     2018     1918     1471     1655     1741     3112     4464 |     26122
                                  10114     2319     2243     1749     1900     2199     3870     5546 |     29940
                                  14640     3554     3379     2602     2967     3583     6749     9877 |     47351
                                  52679    18149    19055    15121    20173    28538    70868   192326 |    416909

                    SUM          345214    45476    42404    31751    37873    47835   104346   244486 |    899385
                                              OBSERVATION
                                 267325    21644    17661    12391    12801    13658    23136    35840 |    404456
                                   6037     1482     1424     1185     1238     1385     2549     3803 |     19103
                                   4238     1056      993      758      907      994     1838     2755 |     13539
             val46h1rc1_autumn     3730      977      930      780      774      938     1631     2452 |     12212
                                   3989     1016      955      769      812      952     1737     2618 |     12848
                                   4940     1259     1152      889     1108     1146     2283     3467 |     16244
                                   7553     1847     1817     1350     1692     2038     4123     6142 |     26562
                                  47402    16195    17472    13629    18541    26724    67049   187409 |    394421

                    SUM          345214    45476    42404    31751    37873    47835   104346   244486 |    899385

