 <pre>

 Contingency table for Rh2m (%)
 Selection: Finland    130 stations
Period: 20221001-20221024
Used {00,06,12,18} + 03 06 ... 48
 Limits    30.000000000000000        50.000000000000000        65.000000000000000        75.000000000000000        85.000000000000000        95.000000000000000        100.00000000000000     
 Each class is data <= limit, the very last > last limit
 Total number of values      192356
                                              OBSERVATION
                                      0        0        0        0        0        0        0        0 |         0
                                      0       39      106        6        5        2        0        0 |       158
                                      0       68     3702     3070      909      264       15        0 |      8028
              43h22_ref_autumn        0        3     1787    10431     9115     2754      372        0 |     24462
                                      0        0      280     4554    21127    15615     2812        0 |     44388
                                      0        0       28      756     9509    38654    16678        0 |     65625
                                      0        0        0       60     1133    15756    30866        0 |     47815
                                      0        0        0        0        3      379     1498        0 |      1880

                    SUM               0      110     5903    18877    41801    73424    52241        0 |    192356
                                              OBSERVATION
                                      0        0        0        0        0        0        0        0 |         0
                                      0       33       95        8        8        1        0        0 |       145
                                      0       73     3677     3084      985      255       18        0 |      8092
             val46h1rc1_autumn        0        4     1886    10306     8752     2790      380        0 |     24118
                                      0        0      223     4707    21421    15293     2862        0 |     44506
                                      0        0       22      717     9644    39648    17133        0 |     67164
                                      0        0        0       55      990    15165    30684        0 |     46894
                                      0        0        0        0        1      272     1164        0 |      1437

                    SUM               0      110     5903    18877    41801    73424    52241        0 |    192356

