 <pre>

 Contingency table for Cloud base (m)
 Selection: Estonia     22 stations
Period: 20221001-20221031
Used {00,06,12,18} + 03 06 ... 48
 Limits    70.000000000000000        150.00000000000000        300.00000000000000        600.00000000000000        1000.0000000000000        1500.0000000000000        2500.0000000000000        5000.0000000000000     
 Each class is data <= limit, the very last > last limit
 Total number of values       17473
                                                       OBSERVATION
                                    109     1031      309       35        4       37        8        1        1 |      1535
                                     16      490      546       63       23       14       15        0        2 |      1169
                                      6      343      937      408       58       47       27        8        1 |      1835
                                      7      189      846     1305      382      108       34       37       32 |      2940
              43h22_ref_autumn       28      203      371      781     1610      511       98       68       61 |      3731
                                     14      125      236      322      685      625      229       36       61 |      2333
                                     11       54      108      178      166      172      219       41       17 |       966
                                      1       30       46      134      105       51       42      159       17 |       585
                                     28      134      122      419      627      401      100      242      306 |      2379

                    SUM             220     2599     3521     3645     3660     1966      772      592      498 |     17473
                                                       OBSERVATION
                                    107      979      289       22        5       26        3        1        2 |      1434
                                     16      515      519       52       19       13        8        0        2 |      1144
                                      6      340      886      329       45       32       16        4        2 |      1660
                                      7      194      798     1110      293       79       32       28       11 |      2552
             val46h1rc1_autumn       28      178      366      741     1200      394       61       53       40 |      3061
                                     14      127      285      405      790      637      202       25       52 |      2537
                                      6       56      124      232      217      201      237       28       11 |      1112
                                      1       13       37      153      120       35       40      115       14 |       528
                                     35      197      217      601      971      549      173      338      364 |      3445

                    SUM             220     2599     3521     3645     3660     1966      772      592      498 |     17473

