 <pre>

 Contingency table for Cloud base (m)
 Selection: Sweden    124 stations
Period: 20221001-20221024
Used {00,06,12,18} + 03 06 ... 48
 Limits    70.000000000000000        150.00000000000000        300.00000000000000        600.00000000000000        1000.0000000000000        1500.0000000000000        2500.0000000000000        5000.0000000000000     
 Each class is data <= limit, the very last > last limit
 Total number of values       76758
                                                       OBSERVATION
                                   1047     2086     1249      332      139      101      102       75        6 |      5137
                                    283     1157     1495      462      150       67       62       61        2 |      3739
                                    321     1083     2856     1655      310      218      181       85       19 |      6728
                                    340      818     2627     5020     2026      718      583      280       50 |     12462
              43h22_ref_autumn      252      455     1005     2179     4072     2127      816      457      193 |     11556
                                    235      340      834     1243     1434     2545     1482      638      198 |      8949
                                    149      195      369      558      555      825     1473      862      102 |      5088
                                    127      127      271      563      445      560      645     2293      251 |      5282
                                   1100      873      992     2111     2764     2398     2099     3505     1975 |     17817

                    SUM            3854     7134    11698    14123    11895     9559     7443     8256     2796 |     76758
                                                       OBSERVATION
                                   1064     1936     1134      262      113       81       84       68        3 |      4745
                                    316     1177     1406      456      140       53       66       59        6 |      3679
                                    311     1120     2669     1386      290      174      158       56        6 |      6170
                                    273      768     2462     4172     1349      471      374      178       36 |     10083
             val46h1rc1_autumn      239      438     1085     2149     3191     1495      531      273      125 |      9526
                                    180      354      921     1436     1661     2543     1219      516      176 |      9006
                                    107      178      447      636      638      812     1394      528       85 |      4825
                                    113      149      306      624      501      581      724     2013      207 |      5218
                                   1251     1014     1268     3002     4012     3349     2893     4565     2152 |     23506

                    SUM            3854     7134    11698    14123    11895     9559     7443     8256     2796 |     76758

