 <pre>

 Contingency table for Cloud base (m)
 Selection: Finland     71 stations
Period: 20221001-20221031
Used {00,06,12,18} + 03 06 ... 48
 Limits    70.000000000000000        150.00000000000000        300.00000000000000        600.00000000000000        1000.0000000000000        1500.0000000000000        2500.0000000000000        5000.0000000000000     
 Each class is data <= limit, the very last > last limit
 Total number of values       73144
                                                       OBSERVATION
                                   3722     3643     1330      298      138       64       52       42       11 |      9300
                                    892     2561     2034      464      152       60       67       59       11 |      6300
                                    507     2140     4504     1768      313      188      180      136       16 |      9752
                                    493      859     3297     5693     1661      628      382      296       95 |     13404
              43h22_ref_autumn      443      501      988     2489     4031     1686      503      501      116 |     11258
                                    210      358      659     1028     1002     1336      667      364       87 |      5711
                                     90      179      392      510      270      325      809      393       44 |      3012
                                    116      136      177      348      259      141      305     1222      100 |      2804
                                   1038      643     1102     1843     1642     1053      829     2824      629 |     11603

                    SUM            7511    11020    14483    14441     9468     5481     3794     5837     1109 |     73144
                                                       OBSERVATION
                                   3617     3437     1087      234      105       57       49       27       13 |      8626
                                    982     2564     1964      389      131       53       78       65        1 |      6227
                                    556     2176     4372     1610      264      147      127      104       17 |      9373
                                    436      876     3254     4921     1253      476      281      231       57 |     11785
             val46h1rc1_autumn      371      469      999     2464     3202     1352      347      316       95 |      9615
                                    230      343      721     1117     1179     1256      590      238       65 |      5739
                                     63      177      412      593      400      379      740      302       29 |      3095
                                    101      120      214      426      299      185      326      999       87 |      2757
                                   1155      858     1460     2687     2635     1576     1256     3555      745 |     15927

                    SUM            7511    11020    14483    14441     9468     5481     3794     5837     1109 |     73144

