 <pre>

 Contingency table for Low clouds (octas)
 Selection: Finland     69 stations
Period: 20221001-20221031
Used {00,06,12,18} + 03 06 ... 48
 Limits    1.0000000000000000        2.0000000000000000        3.0000000000000000        4.0000000000000000        5.0000000000000000        6.0000000000000000        7.0000000000000000     
 Each class is data <= limit, the very last > last limit
 Total number of values      125063
                                              OBSERVATION
                                  26363      613      841      502      701      416     2079     2662 |     34177
                                   1950      157      166      100      185      100      519      565 |      3742
                                   1422       91      138       80      161       95      425      502 |      2914
              43h22_ref_autumn     1287      103      168       77      144       94      445      505 |      2823
                                   1169      103      142       87      177      112      500      618 |      2908
                                   1155      120      189      113      219      140      628      771 |      3335
                                   1691      156      267      183      322      202     1093     1359 |      5273
                                   6641      674     1450      850     2037     1150    14864    42225 |     69891

                    SUM           41678     2017     3361     1992     3946     2309    20553    49207 |    125063
                                              OBSERVATION
                                  32273     1103     1473      895     1389      861     4042     4716 |     46752
                                    884       62      122       71      142       88      414      533 |      2316
                                    563       63       86       47      112       54      330      373 |      1628
             val46h1rc1_autumn      481       60       81       44      101       58      303      352 |      1480
                                    487       52       78       45       86       69      303      388 |      1508
                                    537       54       99       57      114       57      392      505 |      1815
                                    779       76      154       72      192       91      676      886 |      2926
                                   5674      547     1268      761     1810     1031    14093    41454 |     66638

                    SUM           41678     2017     3361     1992     3946     2309    20553    49207 |    125063

