 <pre>

 Contingency table for Rh2m (%)
 Selection: Sweden    172 stations
Period: 20221001-20221028
Used {00,06,12,18} + 03 06 ... 48
 Limits    30.000000000000000        50.000000000000000        65.000000000000000        75.000000000000000        85.000000000000000        95.000000000000000        100.00000000000000     
 Each class is data <= limit, the very last > last limit
 Total number of values      268673
                                              OBSERVATION
                                      0        0        0        0        0        0        0        0 |         0
                                      0      447      391       20        5        1        0        0 |       864
                                      0     1337     8015     3603      868      199       29        0 |     14051
              43h22_ref_autumn        0      181     6560    14138     8720     2180      488        0 |     32267
                                      0       40     2053    10367    22995    12438     2897        0 |     50790
                                      0        5      670     4609    21385    38475    19780        0 |     84924
                                      0        0      101     1089     9171    25215    46534        0 |     82110
                                      0        0        0        0      101      768     2798        0 |      3667

                    SUM               0     2010    17790    33826    63245    79276    72526        0 |    268673
                                              OBSERVATION
                                      0        0        0        0        0        0        0        0 |         0
                                      0      430      315       16        7        1        0        0 |       769
                                      0     1374     8250     3689      943      244       33        0 |     14533
             val46h1rc1_autumn        0      162     6570    14352     8717     2274      513        0 |     32588
                                      0       37     1933    10351    23842    13087     3026        0 |     52276
                                      0        7      635     4389    20972    38526    20489        0 |     85018
                                      0        0       87     1027     8683    24492    46029        0 |     80318
                                      0        0        0        2       81      652     2436        0 |      3171

                    SUM               0     2010    17790    33826    63245    79276    72526        0 |    268673

