 <pre>

 Contingency table for Cloud base (m)
 Selection: ALL    626 stations
Period: 20221001-20221024
Used {00,06,12,18} + 03 06 ... 48
 Limits    70.000000000000000        150.00000000000000        300.00000000000000        600.00000000000000        1000.0000000000000        1500.0000000000000        2500.0000000000000        5000.0000000000000     
 Each class is data <= limit, the very last > last limit
 Total number of values      457537
                                                       OBSERVATION
                                   4927     6502     3930     2140     1266      415      283      476       50 |     19989
                                   1532     5111     5950     3103     1665      415      250      412       46 |     18484
                                   1239     4641    12593    10107     4309     1112      666      865      104 |     35636
                                   1406     3088    11636    26615    15600     4002     1848     2322      587 |     67104
              43h22_ref_autumn     1645     2278     6006    16833    33064    12455     3582     4699     2362 |     82924
                                   1474     1614     4153     8157    16882    15389     6306     5699     3123 |     62797
                                    476      840     2081     3617     5316     4104     5292     4034      617 |     26377
                                    539      671     1438     2964     3703     2154     3103     9694      968 |     25234
                                   4386     2833     5206    11993    21509    13355     9518    22915    27277 |    118992

                    SUM           17624    27578    52993    85529   103314    53401    30848    51116    35134 |    457537
                                                       OBSERVATION
                                   4809     5837     3331     1789     1080      338      240      497       62 |     17983
                                   1757     5218     5515     2964     1609      337      255      388       39 |     18082
                                   1234     4814    12072     8777     3736      955      519      710       85 |     32902
                                   1242     2987    11081    22838    12051     2966     1288     1740      424 |     56617
             val46h1rc1_autumn     1337     2004     5733    15299    25511     9169     2386     3282     1355 |     66076
                                   1257     1643     4338     8927    17514    14427     5385     4670     2063 |     60224
                                    412      823     2298     4228     5832     4125     4805     3164      445 |     26132
                                    455      671     1568     3300     3734     2163     2987     7660      716 |     23254
                                   5121     3581     7057    17407    32247    18921    12983    29005    29945 |    156267

                    SUM           17624    27578    52993    85529   103314    53401    30848    51116    35134 |    457537

