 <pre>

 Contingency table for Cloud base (m)
 Selection: ALL    631 stations
Period: 20221001-20221028
Used {00,06,12,18} + 03 06 ... 48
 Limits    70.000000000000000        150.00000000000000        300.00000000000000        600.00000000000000        1000.0000000000000        1500.0000000000000        2500.0000000000000        5000.0000000000000     
 Each class is data <= limit, the very last > last limit
 Total number of values      552667
                                                       OBSERVATION
                                   9160    12336     6371     3545     1995      468      343      593       90 |     34901
                                   2229     8367     8435     4404     2354      470      291      507       69 |     27126
                                   1587     6862    16573    12490     5391     1265      744      986      120 |     46018
                                   1669     4157    14524    31423    18135     4352     2034     2671      716 |     79681
              43h22_ref_autumn     1961     3010     7126    18995    36302    13445     3937     5195     3138 |     93109
                                   1726     2121     4780     9207    18384    16275     6962     6046     4048 |     69549
                                    673     1292     2608     4022     5805     4390     6088     4730      784 |     30392
                                    722      974     1726     3246     3926     2307     3800    11653     1379 |     29733
                                   5558     4022     6441    13753    23275    14322    10670    27985    36132 |    142158

                    SUM           25285    43141    68584   101085   115567    57294    34869    60366    46476 |    552667
                                                       OBSERVATION
                                   9016    11426     5616     3039     1706      394      309      630      101 |     32237
                                   2563     8653     8060     4280     2312      395      305      477       51 |     27096
                                   1584     7106    15936    11086     4747     1103      583      826       99 |     43070
                                   1478     4026    13865    27127    14110     3262     1440     2026      506 |     67840
             val46h1rc1_autumn     1565     2658     6853    17370    28439     9951     2619     3643     1816 |     74914
                                   1443     2089     4962    10066    19102    15224     5891     5002     2805 |     66584
                                    541     1204     2759     4723     6458     4422     5458     3639      555 |     29759
                                    597      947     1857     3600     3979     2307     3582     8912      929 |     26710
                                   6498     5032     8676    19794    34714    20236    14682    35211    39614 |    184457

                    SUM           25285    43141    68584   101085   115567    57294    34869    60366    46476 |    552667

