 <pre>

 Contingency table for Visibility (m)
 Selection: ALL    700 stations
Period: 20221001-20221031
Used {00,06,12,18} + 03 06 ... 48
 Limits    1000.0000000000000        5000.0000000000000        10000.000000000000        20000.000000000000     
 Each class is data <= limit, the very last > last limit
 Total number of values     1248348
                                     OBSERVATION
                                  12162    15495     7593     6313     6527 |     48090
                                  20286    55651    57074    70451    79020 |    282482
              43h22_ref_autumn     6640    19598    38072    78573   110652 |    253535
                                   2677    10393    35335    96416   223268 |    368089
                                   1069     5215    18868    73395   197605 |    296152

                    SUM           42834   106352   156942   325148   617072 |   1248348
                                     OBSERVATION
                                  11698    13719     6602     5243     5620 |     42882
                                  21032    57247    57465    70323    77577 |    283644
             val46h1rc1_autumn     6502    20020    38632    79648   111795 |    256597
                                   2655    10558    36370    99042   228198 |    376823
                                    947     4808    17873    70892   193882 |    288402

                    SUM           42834   106352   156942   325148   617072 |   1248348

