 <pre>

 Contingency table for Cloud cover (octas)
 Selection: METCOOP    213 stations
Period: 20221001-20221031
Used {00,06,12,18} + 03 06 ... 48
 Limits   0.50000000000000000        1.5000000000000000        2.5000000000000000        3.5000000000000000        4.5000000000000000        5.5000000000000000        6.5000000000000000        7.5000000000000000     
 Each class is data <= limit, the very last > last limit
 Total number of values      367487
                                                       OBSERVATION
                                  34989     3506     1715     1376      921     1105      931     2014     3374 |     49931
                                   6609     1311      645      659      532      652      532     1295     1990 |     14225
                                   3831      753      404      463      333      477      413     1022     1392 |      9088
                                   2966      617      351      374      297      389      407      944     1387 |      7732
              43h22_ref_autumn     2652      616      292      354      285      366      400     1011     1399 |      7375
                                   2703      626      365      399      292      469      409     1115     1671 |      8049
                                   3178      767      461      546      428      580      599     1631     2333 |     10523
                                   4877     1205      743      877      711     1061      975     2984     4494 |     17927
                                  20376     6958     4358     5565     4857     8433     9136    44480   138474 |    242637

                    SUM           82181    16359     9334    10613     8656    13532    13802    56496   156514 |    367487
                                                       OBSERVATION
                                  42715     5509     2879     2495     1860     2217     2017     4563     7107 |     71362
                                   4147      965      482      611      466      640      690     1619     2350 |     11970
                                   2606      581      300      389      272      432      426     1116     1667 |      7789
                                   2206      463      247      304      231      344      311      894     1399 |      6399
             val46h1rc1_autumn     2114      478      266      292      228      315      344      903     1258 |      6198
                                   2142      464      265      314      253      370      364     1033     1475 |      6680
                                   2673      594      364      401      327      515      451     1389     1987 |      8701
                                   4441      999      569      685      508      770      777     2438     3737 |     14924
                                  19137     6306     3962     5122     4511     7929     8422    42541   135534 |    233464

                    SUM           82181    16359     9334    10613     8656    13532    13802    56496   156514 |    367487

