 <pre>

 Contingency table for Low clouds (octas)
 Selection: Finland     69 stations
Period: 20221001-20221024
Used {00,06,12,18} + 03 06 ... 48
 Limits    1.0000000000000000        2.0000000000000000        3.0000000000000000        4.0000000000000000        5.0000000000000000        6.0000000000000000        7.0000000000000000     
 Each class is data <= limit, the very last > last limit
 Total number of values       96513
                                              OBSERVATION
                                  20929      497      657      379      571      356     1694     1726 |     26809
                                   1681      145      147       86      162       89      455      423 |      3188
                                   1236       84      121       73      141       86      382      397 |      2520
              43h22_ref_autumn     1139       93      143       68      134       83      403      389 |      2452
                                   1046       97      125       81      163      102      449      487 |      2550
                                   1029      112      174       99      198      126      560      609 |      2907
                                   1499      147      240      167      290      188      969     1093 |      4593
                                   5513      593     1260      718     1780      996    12444    28190 |     51494

                    SUM           34072     1768     2867     1671     3439     2026    17356    33314 |     96513
                                              OBSERVATION
                                  26106      959     1226      736     1207      760     3453     3396 |     37843
                                    774       59      103       63      127       78      366      410 |      1980
                                    503       58       76       43      101       52      294      290 |      1417
             val46h1rc1_autumn      429       54       70       39       88       51      261      281 |      1273
                                    420       50       68       40       72       64      271      304 |      1289
                                    480       49       89       55      104       51      331      404 |      1563
                                    706       67      134       61      165       84      600      707 |      2524
                                   4654      472     1101      634     1575      886    11780    27522 |     48624

                    SUM           34072     1768     2867     1671     3439     2026    17356    33314 |     96513

