 <pre>

 Contingency table for Low clouds (octas)
 Selection: METCOOP    230 stations
Period: 20221001-20221028
Used {00,06,12,18} + 03 06 ... 48
 Limits    1.0000000000000000        2.0000000000000000        3.0000000000000000        4.0000000000000000        5.0000000000000000        6.0000000000000000        7.0000000000000000     
 Each class is data <= limit, the very last > last limit
 Total number of values      319593
                                              OBSERVATION
                                  76289     3565     2990     2346     2313     2120     4068     8019 |    101710
                                   5542      749      666      559      635      531     1121     1846 |     11649
                                   3827      578      571      474      520      469      938     1612 |      8989
              43h22_ref_autumn     3382      571      594      481      506      501      944     1532 |      8511
                                   3034      568      555      477      498      488     1038     1680 |      8338
                                   3084      660      675      563      582      619     1275     2084 |      9542
                                   4316     1029      977      922      969      994     2128     3682 |     15017
                                  16306     6882     6460     6606     7563     8171    25931    77918 |    155837

                    SUM          115780    14602    13488    12428    13586    13893    37443    98373 |    319593
                                              OBSERVATION
                                  91430     6120     5320     4420     4454     4127     8069    13809 |    137749
                                   2420      510      495      458      428      478      949     1508 |      7246
                                   1611      386      332      290      331      298      710     1110 |      5068
             val46h1rc1_autumn     1264      303      301      243      262      266      600      932 |      4171
                                   1197      287      294      261      258      286      615     1014 |      4212
                                   1426      331      331      293      366      312      760     1300 |      5119
                                   2128      549      512      464      511      490     1332     2224 |      8210
                                  14304     6116     5903     5999     6976     7636    24408    76476 |    147818

                    SUM          115780    14602    13488    12428    13586    13893    37443    98373 |    319593

