 <pre>

 Contingency table for Cloud base (m)
 Selection: Denmark     18 stations
Period: 20221001-20221028
Used {00,06,12,18} + 03 06 ... 48
 Limits    70.000000000000000        150.00000000000000        300.00000000000000        600.00000000000000        1000.0000000000000        1500.0000000000000        2500.0000000000000        5000.0000000000000     
 Each class is data <= limit, the very last > last limit
 Total number of values       13488
                                                       OBSERVATION
                                    201      198       54       29       17        7        0        2        3 |       511
                                     50      203      151       68       23       14        1        4        9 |       523
                                     36      131      286      358       77       45       10       18        6 |       967
                                     44       93      187      877      316      165       73       78       49 |      1882
              43h22_ref_autumn      106      122      195      510      761      682      192      174      118 |      2860
                                     49      105      144      258      420      688      331      205      147 |      2347
                                     13       54       93       86       63      132      172      192       31 |       836
                                     29       81       88       66       46       52       86      449       48 |       945
                                     88      143      145      367      305      334      232      472      531 |      2617

                    SUM             616     1130     1343     2619     2028     2119     1097     1594      942 |     13488
                                                       OBSERVATION
                                    196      177       46       25       12        5        0        8        3 |       472
                                     67      207      150       51       21       16        0        4        7 |       523
                                     35      181      295      292       61       38        9       13       10 |       934
                                     38       77      186      767      271      112       57       69       28 |      1605
             val46h1rc1_autumn       82      116      204      539      654      537      153      136       74 |      2495
                                     44       87      106      296      441      718      305      169      130 |      2296
                                      6       41       76       94       55      128      170      162       24 |       756
                                     34       73       78       60       47       64       87      373       32 |       848
                                    114      171      202      495      466      501      316      660      634 |      3559

                    SUM             616     1130     1343     2619     2028     2119     1097     1594      942 |     13488

