 <pre>

 Contingency table for Low clouds (octas)
 Selection: ALL    628 stations
Period: 20221001-20221031
Used {00,06,12,18} + 03 06 ... 48
 Limits    1.0000000000000000        2.0000000000000000        3.0000000000000000        4.0000000000000000        5.0000000000000000        6.0000000000000000        7.0000000000000000     
 Each class is data <= limit, the very last > last limit
 Total number of values      998774
                                              OBSERVATION
                                 262188    14357    11045     7310     7263     7603    12899    23337 |    346002
                                  16823     2720     2344     1734     1944     1935     3359     5166 |     36025
                                  11906     2165     1979     1421     1635     1742     2790     4350 |     27988
              43h22_ref_autumn    11016     2162     2021     1455     1611     1765     2995     4469 |     27494
                                  10367     2131     2028     1557     1757     1866     3281     4799 |     27786
                                  10714     2460     2375     1861     2032     2352     4093     5946 |     31833
                                  15559     3771     3553     2768     3183     3875     7162    10548 |     50419
                                  56805    19399    20203    16003    21661    30930    75706   210520 |    451227

                    SUM          395378    49165    45548    34109    41086    52068   112285   269135 |    998774
                                              OBSERVATION
                                 311569    23714    19347    13561    14172    15047    25552    40701 |    463663
                                   6469     1585     1505     1255     1335     1495     2714     4121 |     20479
                                   4549     1126     1038      795      969     1066     1953     2995 |     14491
             val46h1rc1_autumn     3998     1061      976      818      834     1027     1730     2618 |     13062
                                   4249     1072      997      806      864     1009     1842     2821 |     13660
                                   5257     1337     1193      936     1170     1238     2432     3716 |     17279
                                   8016     1962     1923     1435     1820     2204     4369     6581 |     28310
                                  51271    17308    18569    14503    19922    28982    71693   205582 |    427830

                    SUM          395378    49165    45548    34109    41086    52068   112285   269135 |    998774

