 <pre>

 Contingency table for Visibility (m)
 Selection: Norway     38 stations
Period: 20221001-20221031
Used {00,06,12,18} + 03 06 ... 48
 Limits    1000.0000000000000        5000.0000000000000        10000.000000000000        20000.000000000000     
 Each class is data <= limit, the very last > last limit
 Total number of values       43943
                                     OBSERVATION
                                    530      518      263      356      250 |      1917
                                    443     1232     1385     1814     2398 |      7272
              43h22_ref_autumn      299      618      787     1539     3134 |      6377
                                    259      627     1223     2418     9639 |     14166
                                    133      533     1817     2695     9033 |     14211

                    SUM            1664     3528     5475     8822    24454 |     43943
                                     OBSERVATION
                                    546      430      237      318      199 |      1730
                                    453     1315     1354     1810     2294 |      7226
             val46h1rc1_autumn      283      577      752     1553     3145 |      6310
                                    252      655     1266     2409     9685 |     14267
                                    130      551     1866     2732     9131 |     14410

                    SUM            1664     3528     5475     8822    24454 |     43943

