 <pre>

 Contingency table for Visibility (m)
 Selection: Sweden    159 stations
Period: 20221001-20221028
Used {00,06,12,18} + 03 06 ... 48
 Limits    1000.0000000000000        5000.0000000000000        10000.000000000000        20000.000000000000     
 Each class is data <= limit, the very last > last limit
 Total number of values      243914
                                     OBSERVATION
                                   3187     3469     1607     1411     2429 |     12103
                                   4651     9827     8977    11579    29476 |     64510
              43h22_ref_autumn      794     2016     2871     6363    23599 |     35643
                                    484     1302     2364     6994    51015 |     62159
                                    155      807     1909     6300    60328 |     69499

                    SUM            9271    17421    17728    32647   166847 |    243914
                                     OBSERVATION
                                   3065     3095     1406     1218     2160 |     10944
                                   4755    10081     9030    11412    28275 |     63553
             val46h1rc1_autumn      797     2097     2962     6430    23734 |     36020
                                    523     1370     2462     7251    52311 |     63917
                                    131      778     1868     6336    60367 |     69480

                    SUM            9271    17421    17728    32647   166847 |    243914

