 <pre>

 Contingency table for Low clouds (octas)
 Selection: Sweden    124 stations
Period: 20221001-20221024
Used {00,06,12,18} + 03 06 ... 48
 Limits    1.0000000000000000        2.0000000000000000        3.0000000000000000        4.0000000000000000        5.0000000000000000        6.0000000000000000        7.0000000000000000     
 Each class is data <= limit, the very last > last limit
 Total number of values      148996
                                              OBSERVATION
                                  46145     2044     1534     1198     1062      997     1284     3639 |     57903
                                   3046      474      371      284      297      275      380      879 |      6006
                                   2039      389      289      273      230      235      315      734 |      4504
              43h22_ref_autumn     1759      366      314      274      232      268      325      699 |      4237
                                   1564      360      329      265      206      239      333      725 |      4021
                                   1602      413      370      318      240      318      387      915 |      4563
                                   2121      684      537      521      439      530      667     1635 |      7134
                                   7522     4724     3863     4228     3543     4488     6551    25709 |     60628

                    SUM           65798     9454     7607     7361     6249     7350    10242    34935 |    148996
                                              OBSERVATION
                                  54114     3665     2792     2378     1991     2027     2566     6486 |     76019
                                   1240      342      273      256      187      264      323      639 |      3524
                                    845      242      184      166      128      164      230      476 |      2435
             val46h1rc1_autumn      640      187      156      127      109      135      170      387 |      1911
                                    600      174      162      142      100      132      178      433 |      1921
                                    730      226      168      158      174      156      246      561 |      2419
                                   1091      375      268      258      212      263      402      917 |      3786
                                   6538     4243     3604     3876     3348     4209     6127    25036 |     56981

                    SUM           65798     9454     7607     7361     6249     7350    10242    34935 |    148996

