 <pre>

 Contingency table for Visibility (m)
 Selection: Sweden    159 stations
Period: 20221001-20221031
Used {00,06,12,18} + 03 06 ... 48
 Limits    1000.0000000000000        5000.0000000000000        10000.000000000000        20000.000000000000     
 Each class is data <= limit, the very last > last limit
 Total number of values      273525
                                     OBSERVATION
                                   3492     3803     1757     1503     2612 |     13167
                                   5625    10808     9847    12688    32501 |     71469
              43h22_ref_autumn     1388     2450     3329     7458    26554 |     41179
                                    673     1526     2729     7741    57145 |     69814
                                    282     1018     2150     6952    67494 |     77896

                    SUM           11460    19605    19812    36342   186306 |    273525
                                     OBSERVATION
                                   3342     3401     1535     1299     2295 |     11872
                                   5757    11067     9908    12479    31190 |     70401
             val46h1rc1_autumn     1386     2572     3428     7541    26679 |     41606
                                    720     1603     2830     8042    58510 |     71705
                                    255      962     2111     6981    67632 |     77941

                    SUM           11460    19605    19812    36342   186306 |    273525

