 <pre>

 Contingency table for Cloud base (m)
 Selection: METCOOP    225 stations
Period: 20221001-20221024
Used {00,06,12,18} + 03 06 ... 48
 Limits    70.000000000000000        150.00000000000000        300.00000000000000        600.00000000000000        1000.0000000000000        1500.0000000000000        2500.0000000000000        5000.0000000000000     
 Each class is data <= limit, the very last > last limit
 Total number of values      149919
                                                       OBSERVATION
                                   2330     3799     2310      605      239      161      151      114        8 |      9717
                                    767     2750     3139      882      274      137      114      103       12 |      8178
                                    690     2542     6694     3300      614      413      342      194       31 |     14820
                                    868     1620     6421    10748     3716     1378      982      531      145 |     26409
              43h22_ref_autumn      698      982     3109     5727     8194     3767     1342      904      289 |     25012
                                    493      728     2161     2846     2638     3830     2116      961      264 |     16037
                                    241      343     1002     1406     1001     1232     2278     1213      139 |      8855
                                    263      252      679     1221      882      770     1113     3445      335 |      8960
                                   2110     1407     2800     5068     5127     3621     3449     5927     2422 |     31931

                    SUM            8460    14423    28315    31803    22685    15309    11887    13392     3645 |    149919
                                                       OBSERVATION
                                   2284     3468     1971      466      197      129      128       88        5 |      8736
                                    879     2790     3000      832      238      110      126      111        7 |      8093
                                    721     2632     6360     2852      558      336      276      137       22 |     13894
                                    731     1585     6027     8979     2620      997      668      376       93 |     22076
             val46h1rc1_autumn      619      908     2966     5352     6421     2812      885      554      204 |     20721
                                    444      732     2356     3130     2972     3733     1804      724      232 |     16127
                                    187      318     1192     1583     1174     1222     2111      795      108 |      8690
                                    234      258      796     1390      957      850     1199     2959      278 |      8921
                                   2361     1732     3647     7219     7548     5120     4690     7648     2696 |     42661

                    SUM            8460    14423    28315    31803    22685    15309    11887    13392     3645 |    149919

