 <pre>

 Contingency table for Visibility (m)
 Selection: METCOOP    266 stations
Period: 20221001-20221031
Used {00,06,12,18} + 03 06 ... 48
 Limits    1000.0000000000000        5000.0000000000000        10000.000000000000        20000.000000000000     
 Each class is data <= limit, the very last > last limit
 Total number of values      450073
                                     OBSERVATION
                                   5787     7012     3496     3496     4073 |     23864
                                   7360    16110    16187    23476    46685 |    109818
              43h22_ref_autumn     2042     3853     5343    12894    38986 |     63118
                                   1195     2891     5147    17244    92712 |    119189
                                    500     1829     4655    21285   105815 |    134084

                    SUM           16884    31695    34828    78395   288271 |    450073
                                     OBSERVATION
                                   5543     6269     3070     2935     3487 |     21304
                                   7615    16696    16346    23376    45113 |    109146
             val46h1rc1_autumn     2006     3949     5475    13079    39569 |     64078
                                   1259     3010     5285    17655    94508 |    121717
                                    461     1771     4652    21350   105594 |    133828

                    SUM           16884    31695    34828    78395   288271 |    450073

