 <pre>

 Contingency table for Visibility (m)
 Selection: Denmark     21 stations
Period: 20221001-20221024
Used {00,06,12,18} + 03 06 ... 48
 Limits    1000.0000000000000        5000.0000000000000        10000.000000000000        20000.000000000000     
 Each class is data <= limit, the very last > last limit
 Total number of values       27636
                                     OBSERVATION
                                    225      222       52       19        9 |       527
                                    409     1297      914     1516      680 |      4816
              43h22_ref_autumn      142      578      757     2531     2850 |      6858
                                     38      199      515     2356     4996 |      8104
                                     16      266      663     2608     3778 |      7331

                    SUM             830     2562     2901     9030    12313 |     27636
                                     OBSERVATION
                                    197      156       67       16       11 |       447
                                    469     1372      989     1524      716 |      5070
             val46h1rc1_autumn      122      609      735     2471     2638 |      6575
                                     33      210      507     2400     5236 |      8386
                                      9      215      603     2619     3712 |      7158

                    SUM             830     2562     2901     9030    12313 |     27636

