 <pre>

 Contingency table for Low clouds (octas)
 Selection: Sweden    124 stations
Period: 20221001-20221031
Used {00,06,12,18} + 03 06 ... 48
 Limits    1.0000000000000000        2.0000000000000000        3.0000000000000000        4.0000000000000000        5.0000000000000000        6.0000000000000000        7.0000000000000000     
 Each class is data <= limit, the very last > last limit
 Total number of values      198255
                                              OBSERVATION
                                  58597     2491     1921     1535     1390     1373     1721     6334 |     75362
                                   3894      562      434      356      381      368      480     1313 |      7788
                                   2556      477      355      326      281      294      389     1092 |      5770
              43h22_ref_autumn     2230      448      370      332      285      315      397     1038 |      5415
                                   1967      438      383      335      274      281      417     1057 |      5152
                                   2031      520      450      391      289      391      502     1325 |      5899
                                   2751      814      637      644      561      638      851     2339 |      9235
                                  10306     5933     4777     5171     4693     5622     8628    38504 |     83634

                    SUM           84332    11683     9327     9090     8154     9282    13385    53002 |    198255
                                              OBSERVATION
                                  68505     4405     3394     2916     2552     2605     3280    10013 |     97670
                                   1563      408      317      307      225      315      413      965 |      4513
                                   1067      301      212      192      165      197      279      698 |      3111
             val46h1rc1_autumn      793      243      177      156      136      168      203      547 |      2423
                                    755      216      186      175      127      150      228      597 |      2434
                                    924      273      192      192      218      199      303      793 |      3094
                                   1383      456      319      328      282      312      515     1348 |      4943
                                   9342     5381     4530     4824     4449     5336     8164    38041 |     80067

                    SUM           84332    11683     9327     9090     8154     9282    13385    53002 |    198255

