 <pre>

 Contingency table for Visibility (m)
 Selection: Estonia     22 stations
Period: 20221001-20221031
Used {00,06,12,18} + 03 06 ... 48
 Limits    1000.0000000000000        5000.0000000000000        10000.000000000000        20000.000000000000     
 Each class is data <= limit, the very last > last limit
 Total number of values       42292
                                     OBSERVATION
                                    310      767      461      402       75 |      2015
                                    439     1404     1762     4710     1460 |      9775
              43h22_ref_autumn       61      281      668     4537     2921 |      8468
                                     31      132      313     5953     6003 |     12432
                                     46       71      147     2748     6590 |      9602

                    SUM             887     2655     3351    18350    17049 |     42292
                                     OBSERVATION
                                    283      704      395      319       68 |      1769
                                    475     1436     1754     4787     1441 |      9893
             val46h1rc1_autumn       61      302      720     4708     2943 |      8734
                                     20      137      321     6041     6123 |     12642
                                     48       76      161     2495     6474 |      9254

                    SUM             887     2655     3351    18350    17049 |     42292

