 <pre>

 Contingency table for Cloud cover (octas)
 Selection: ALL    609 stations
Period: 20221001-20221015
Used {00,06,12,18} + 03 06 ... 48
 Limits   0.50000000000000000        1.5000000000000000        2.5000000000000000        3.5000000000000000        4.5000000000000000        5.5000000000000000        6.5000000000000000        7.5000000000000000     
 Each class is data <= limit, the very last > last limit
 Total number of values      506586
                                                       OBSERVATION
                                  40795     6837     4768     2838     1638     1816     1786     2358     4248 |     67084
                                   8401     2324     1941     1520     1012     1179     1325     1804     3234 |     22740
                                   4707     1332     1236     1026      662      858      981     1421     2591 |     14814
                                   3833     1145     1044      904      600      813     1003     1425     2454 |     13221
              43h22_ref_autumn     3723     1133     1055      881      631      849     1122     1506     2757 |     13657
                                   3527     1235     1099      987      700     1007     1223     1795     3334 |     14907
                                   4078     1427     1383     1223      961     1251     1601     2521     4671 |     19116
                                   6197     2183     2082     1896     1400     2055     2732     4541     8873 |     31959
                                  20023     9098     8333     8566     6798    11558    18058    56150   170504 |    309088

                    SUM           95284    26714    22941    19841    14402    21386    29831    73521   202666 |    506586
                                                       OBSERVATION
                                  52947    10986     8336     5791     3557     4228     4591     6139    10625 |    107200
                                   4990     1617     1433     1342      929     1253     1587     2263     4261 |     19675
                                   2977     1016      872      788      554      808      962     1581     2853 |     12411
                                   2456      760      691      637      467      635      827     1356     2575 |     10404
             val46h1rc1_autumn     2413      796      703      619      493      623      815     1287     2543 |     10292
                                   2529      823      745      705      523      725      929     1510     2817 |     11306
                                   3102     1086     1020      843      658     1014     1202     2093     4048 |     15066
                                   4817     1626     1530     1398     1017     1553     2135     3773     7612 |     25461
                                  19053     8004     7611     7718     6204    10547    16783    53519   165332 |    294771

                    SUM           95284    26714    22941    19841    14402    21386    29831    73521   202666 |    506586

