 <pre>

 Contingency table for Cloud cover (octas)
 Selection: ALL    609 stations
Period: 20221001-20221024
Used {00,06,12,18} + 03 06 ... 48
 Limits   0.50000000000000000        1.5000000000000000        2.5000000000000000        3.5000000000000000        4.5000000000000000        5.5000000000000000        6.5000000000000000        7.5000000000000000     
 Each class is data <= limit, the very last > last limit
 Total number of values      816698
                                                       OBSERVATION
                                  58325     9237     6610     3944     2376     2766     2814     4025     6982 |     97079
                                  12126     3277     2653     2071     1394     1800     1939     3151     5146 |     33557
                                   6950     1900     1710     1435      922     1323     1497     2567     4136 |     22440
                                   5772     1605     1455     1275      857     1217     1508     2492     3980 |     20161
              43h22_ref_autumn     5424     1601     1433     1247      900     1257     1641     2754     4470 |     20727
                                   5251     1711     1532     1373      962     1510     1811     3196     5368 |     22714
                                   6288     2059     1948     1769     1321     1929     2464     4545     7676 |     29999
                                   9550     3184     2954     2757     2108     3253     4261     8493    14868 |     51428
                                  32292    13348    12227    12902    10283    18482    30016   104852   284191 |    518593

                    SUM          141978    37922    32522    28773    21123    33537    47951   136075   336817 |    816698
                                                       OBSERVATION
                                  74593    14731    11308     7806     4919     6196     6849    10407    16528 |    153337
                                   7579     2312     2008     1886     1296     1886     2353     4038     6541 |     29899
                                   4661     1420     1232     1147      791     1216     1491     2759     4558 |     19275
                                   3920     1148     1013      922      679      981     1220     2365     4084 |     16332
             val46h1rc1_autumn     3743     1180      980      919      702      970     1287     2323     4068 |     16172
                                   3991     1205     1118     1018      758     1140     1441     2727     4569 |     17967
                                   4975     1588     1487     1262      973     1570     1865     3989     6696 |     24405
                                   7800     2405     2239     2063     1552     2479     3377     7222    13018 |     42155
                                  30716    11933    11137    11750     9453    17099    28068   100245   276755 |    497156

                    SUM          141978    37922    32522    28773    21123    33537    47951   136075   336817 |    816698

