 <pre>

 Contingency table for Cloud base (m)
 Selection: Denmark     18 stations
Period: 20221001-20221024
Used {00,06,12,18} + 03 06 ... 48
 Limits    70.000000000000000        150.00000000000000        300.00000000000000        600.00000000000000        1000.0000000000000        1500.0000000000000        2500.0000000000000        5000.0000000000000     
 Each class is data <= limit, the very last > last limit
 Total number of values       11313
                                                       OBSERVATION
                                    191      163       44       27       17        6        0        1        0 |       449
                                     44      163       93       58       14       12        1        4        1 |       390
                                     33      120      215      282       63       31       10       16        6 |       776
                                     44       92      169      735      255      151       57       58       48 |      1609
              43h22_ref_autumn       61      103      164      426      670      625      172      142      118 |      2481
                                     35       90      130      207      391      657      295      190      146 |      2141
                                     13       53       89       81       58      118      131      150       31 |       724
                                     29       73       75       60       43       46       68      271       42 |       707
                                     66      117      109      274      284      316      210      286      374 |      2036

                    SUM             516      974     1088     2150     1795     1962      944     1118      766 |     11313
                                                       OBSERVATION
                                    184      133       40       23       12        5        0        6        2 |       405
                                     60      164       93       41       14       13        0        4        3 |       392
                                     32      174      215      227       47       28        9       11        9 |       752
                                     35       74      169      618      211       89       48       48       27 |      1319
             val46h1rc1_autumn       42       98      174      456      569      493      131      105       74 |      2142
                                     37       78       96      241      412      691      272      158      130 |      2115
                                      6       41       72       86       52      115      130      126       24 |       652
                                     34       65       71       56       45       56       63      241       28 |       659
                                     86      147      158      402      433      472      291      419      469 |      2877

                    SUM             516      974     1088     2150     1795     1962      944     1118      766 |     11313

