 <pre>

 Contingency table for Rh2m (%)
 Selection: ALL   1048 stations
Period: 20221001-20221024
Used {00,06,12,18} + 03 06 ... 48
 Limits    30.000000000000000        50.000000000000000        65.000000000000000        75.000000000000000        85.000000000000000        95.000000000000000        100.00000000000000     
 Each class is data <= limit, the very last > last limit
 Total number of values     1475183
                                              OBSERVATION
                                      0        0        0        0        0        0        0        0 |         0
                                     40     2428     3418      451      162       42        5        0 |      6546
                                     73     5187    38674    22455     8267     3237      863        0 |     78756
              43h22_ref_autumn        7     1507    32709    79080    60995    20887     5331        0 |    200516
                                      1      411    13027    60910   146287    98249    23910        0 |    342795
                                      0       85     3440    21256   110454   261400   121160        0 |    517795
                                      0        5      230     2125    18876   107936   189089        0 |    318261
                                      0        0        0        7      211     1773     8523        0 |     10514

                    SUM             121     9623    91498   186284   345252   493524   348881        0 |   1475183
                                              OBSERVATION
                                      0        0        0        0        0        0        0        0 |         0
                                     43     2371     3243      463      189       48        6        0 |      6363
                                     61     5276    39494    23126     8986     3761     1009        0 |     81713
             val46h1rc1_autumn       16     1467    33257    80124    60839    21675     5482        0 |    202860
                                      1      416    12019    60438   148465    98559    24059        0 |    343957
                                      0       87     3291    20156   108773   263222   122030        0 |    517559
                                      0        6      194     1969    17831   104914   189404        0 |    314318
                                      0        0        0        8      169     1345     6891        0 |      8413

                    SUM             121     9623    91498   186284   345252   493524   348881        0 |   1475183

