 <pre>

 Contingency table for Low clouds (octas)
 Selection: METCOOP    230 stations
Period: 20221001-20221024
Used {00,06,12,18} + 03 06 ... 48
 Limits    1.0000000000000000        2.0000000000000000        3.0000000000000000        4.0000000000000000        5.0000000000000000        6.0000000000000000        7.0000000000000000     
 Each class is data <= limit, the very last > last limit
 Total number of values      271474
                                              OBSERVATION
                                  71458     3268     2725     2085     2001     1849     3507     5864 |     92757
                                   4958      697      597      490      552      459      984     1433 |     10170
                                   3430      522      499      432      464      410      844     1254 |      7855
              43h22_ref_autumn     3014      516      530      432      451      457      856     1200 |      7456
                                   2738      506      512      425      437      450      933     1338 |      7339
                                   2763      584      615      504      533      557     1135     1665 |      8356
                                   3838      936      894      817      864      902     1893     2958 |     13102
                                  14054     5938     5685     5863     6438     7061    22264    57136 |    124439

                    SUM          106253    12967    12057    11048    11740    12145    32416    72848 |    271474
                                              OBSERVATION
                                  85186     5626     4830     3992     3905     3669     7118    10743 |    125069
                                   2147      458      446      407      387      434      845     1182 |      6306
                                   1425      343      296      265      290      270      637      881 |      4407
             val46h1rc1_autumn     1151      268      271      213      234      237      535      756 |      3665
                                   1076      253      263      228      225      261      555      826 |      3687
                                   1285      296      304      263      317      273      678     1065 |      4481
                                   1921      484      465      404      448      450     1184     1789 |      7145
                                  12062     5239     5182     5276     5934     6551    20864    55606 |    116714

                    SUM          106253    12967    12057    11048    11740    12145    32416    72848 |    271474

