 <pre>

 Contingency table for Cloud base (m)
 Selection: METCOOP    227 stations
Period: 20221001-20221031
Used {00,06,12,18} + 03 06 ... 48
 Limits    70.000000000000000        150.00000000000000        300.00000000000000        600.00000000000000        1000.0000000000000        1500.0000000000000        2500.0000000000000        5000.0000000000000     
 Each class is data <= limit, the very last > last limit
 Total number of values      201068
                                                       OBSERVATION
                                   5818     7415     3701      910      383      198      204      146       17 |     18792
                                   1452     4645     4603     1196      374      156      142      132       15 |     12715
                                   1115     4103     9437     4281      796      481      390      246       37 |     20886
                                   1319     2480     8703    13720     4710     1590     1103      690      178 |     34493
              43h22_ref_autumn     1087     1456     3829     6699     9539     4296     1577     1036      354 |     29873
                                    615     1073     2675     3296     3052     4342     2596     1143      294 |     19086
                                    402      712     1480     1732     1184     1503     2989     1669      172 |     11843
                                    405      468      965     1513     1028      879     1381     4085      382 |     11106
                                   3124     2662     4037     6480     6201     4356     4282     7888     3244 |     42274

                    SUM           15337    25014    39430    39827    27267    17801    14664    17035     4693 |    201068
                                                       OBSERVATION
                                   5780     6995     3260      725      323      176      189      130       18 |     17596
                                   1616     4790     4479     1141      343      140      166      148        9 |     12832
                                   1154     4231     9091     3855      714      396      327      183       24 |     19975
                                   1128     2395     8201    11742     3455     1173      764      488      111 |     29457
             val46h1rc1_autumn      974     1339     3648     6284     7651     3233     1030      643      251 |     25053
                                    548     1019     2795     3553     3384     4180     2132      855      249 |     18715
                                    297      651     1611     1891     1380     1500     2718     1085      128 |     11261
                                    343      464     1102     1660     1101      961     1512     3466      315 |     10924
                                   3497     3130     5243     8976     8916     6042     5826    10037     3588 |     55255

                    SUM           15337    25014    39430    39827    27267    17801    14664    17035     4693 |    201068

