 <pre>

 Contingency table for Cloud base (m)
 Selection: Finland     69 stations
Period: 20221001-20221024
Used {00,06,12,18} + 03 06 ... 48
 Limits    70.000000000000000        150.00000000000000        300.00000000000000        600.00000000000000        1000.0000000000000        1500.0000000000000        2500.0000000000000        5000.0000000000000     
 Each class is data <= limit, the very last > last limit
 Total number of values       55364
                                                       OBSERVATION
                                   1125     1620      796      178       83       45       40       39        2 |      3928
                                    415     1503     1412      336      112       58       49       42       10 |      3937
                                    289     1305     3320     1461      257      167      155      109       12 |      7075
                                    364      566     2576     4969     1476      573      334      251       95 |     11204
              43h22_ref_autumn      347      358      813     2261     3743     1528      439      447       96 |     10032
                                    178      257      546      939      861     1187      549      323       66 |      4906
                                     50      103      270      422      217      274      691      351       37 |      2415
                                     95       84      116      287      228      118      281     1152       84 |      2445
                                    827      380      837     1668     1394      765      682     2422      447 |      9422

                    SUM            3690     6176    10686    12521     8371     4715     3220     5136      849 |     55364
                                                       OBSERVATION
                                   1060     1454      601      125       65       34       38       20        2 |      3399
                                    498     1521     1358      271       90       47       58       52        1 |      3896
                                    331     1350     3227     1286      217      132      103       81       16 |      6743
                                    305      599     2517     4245     1082      434      247      198       57 |      9684
             val46h1rc1_autumn      292      334      851     2232     2980     1249      301      281       79 |      8599
                                    202      253      602     1022     1016     1110      509      208       56 |      4978
                                     35       90      318      510      326      304      640      267       23 |      2513
                                     83       60      134      362      269      167      286      946       71 |      2378
                                    884      515     1078     2468     2326     1238     1038     3083      544 |     13174

                    SUM            3690     6176    10686    12521     8371     4715     3220     5136      849 |     55364

