 <pre>

 Contingency table for Low clouds (octas)
 Selection: Norway     37 stations
Period: 20221001-20221031
Used {00,06,12,18} + 03 06 ... 48
 Limits    1.0000000000000000        2.0000000000000000        3.0000000000000000        4.0000000000000000        5.0000000000000000        6.0000000000000000        7.0000000000000000     
 Each class is data <= limit, the very last > last limit
 Total number of values       33187
                                              OBSERVATION
                                   5342      849      665      639      549      601      752      758 |     10155
                                    287       93      110      155      128      115      191      161 |      1240
                                    200       57      118       99      114      104      182      147 |      1021
              43h22_ref_autumn      157       64       93      102      112      120      167      139 |       954
                                    160       56       67       87       87      133      179      164 |       933
                                    175       67       87      105      121      135      219      166 |      1075
                                    270      123      137      153      175      231      324      281 |      1694
                                   1302      866      713     1053     1421     1996     4306     4458 |     16115

                    SUM            7893     2175     1990     2393     2707     3435     6320     6274 |     33187
                                              OBSERVATION
                                   6052     1163     1047     1069      986     1053     1454     1215 |     14039
                                    180       68       82      105       98      109      192      169 |      1003
                                    114       53       42       65       78       69      140      144 |       705
             val46h1rc1_autumn      103       36       52       56       54       71      128      107 |       607
                                     73       36       45       54       64       80      121      104 |       577
                                     87       28       55       62       59       89      122      121 |       623
                                    152       50       72      100       85      128      219      197 |      1003
                                   1132      741      595      882     1283     1836     3944     4217 |     14630

                    SUM            7893     2175     1990     2393     2707     3435     6320     6274 |     33187

