 <pre>

 Contingency table for Rh2m (%)
 Selection: METCOOP    518 stations
Period: 20221001-20221028
Used {00,06,12,18} + 03 06 ... 48
 Limits    30.000000000000000        50.000000000000000        65.000000000000000        75.000000000000000        85.000000000000000        95.000000000000000        100.00000000000000     
 Each class is data <= limit, the very last > last limit
 Total number of values      857955
                                              OBSERVATION
                                      0        0        0        0        0        0        0        0 |         0
                                     40     1121      997      280      138       30        3        0 |      2609
                                     66     3157    18003    11108     4868     2198      561        0 |     39961
              43h22_ref_autumn        6      937    16779    39884    32877    13082     3502        0 |    107067
                                      1      267     7176    32481    76051    54437    15963        0 |    186376
                                      0       73     2452    13207    62129   140934    73820        0 |    292615
                                      0        5      180     1781    15517    69095   132525        0 |    219103
                                      0        0        0        9      211     1830     8174        0 |     10224

                    SUM             113     5560    45587    98750   191791   281606   234548        0 |    857955
                                              OBSERVATION
                                      0        0        0        0        0        0        0        0 |         0
                                     43     1103      944      303      166       33        4        0 |      2596
                                     57     3229    18578    11808     5665     2638      666        0 |     42641
             val46h1rc1_autumn       12      875    16770    40240    33058    13804     3796        0 |    108555
                                      1      277     6741    31946    77177    55365    16281        0 |    187788
                                      0       70     2399    12782    60890   141266    74831        0 |    292238
                                      0        6      155     1662    14662    66972   131868        0 |    215325
                                      0        0        0        9      173     1528     7102        0 |      8812

                    SUM             113     5560    45587    98750   191791   281606   234548        0 |    857955

