 <pre>

 Contingency table for Rh2m (%)
 Selection: METCOOP    518 stations
Period: 20221001-20221031
Used {00,06,12,18} + 03 06 ... 48
 Limits    30.000000000000000        50.000000000000000        65.000000000000000        75.000000000000000        85.000000000000000        95.000000000000000        100.00000000000000     
 Each class is data <= limit, the very last > last limit
 Total number of values      955273
                                              OBSERVATION
                                      0        0        0        0        0        0        0        0 |         0
                                     40     1135     1057      313      150       30        3        0 |      2728
                                     66     3392    21764    14464     5991     2649      674        0 |     49000
              43h22_ref_autumn        6     1103    19014    44647    36264    14883     4180        0 |    120097
                                      1      295     7997    35446    81874    60375    18445        0 |    204433
                                      0       76     2655    14419    66995   155130    85366        0 |    324641
                                      0        5      184     1901    16819    74565   149170        0 |    242644
                                      0        0        0        9      226     2032     9463        0 |     11730

                    SUM             113     6006    52671   111199   208319   309664   267301        0 |    955273
                                              OBSERVATION
                                      0        0        0        0        0        0        0        0 |         0
                                     43     1113      988      315      175       33        4        0 |      2671
                                     57     3461    22300    15107     6777     3130      782        0 |     51614
             val46h1rc1_autumn       12     1042    19080    45194    36433    15641     4443        0 |    121845
                                      1      312     7535    34811    83046    61333    18684        0 |    205722
                                      0       72     2606    13975    65793   155500    86504        0 |    324450
                                      0        6      162     1788    15916    72329   148604        0 |    238805
                                      0        0        0        9      179     1698     8280        0 |     10166

                    SUM             113     6006    52671   111199   208319   309664   267301        0 |    955273

