 <pre>

 Contingency table for Low clouds (octas)
 Selection: ALL    628 stations
Period: 20221001-20221024
Used {00,06,12,18} + 03 06 ... 48
 Limits    1.0000000000000000        2.0000000000000000        3.0000000000000000        4.0000000000000000        5.0000000000000000        6.0000000000000000        7.0000000000000000     
 Each class is data <= limit, the very last > last limit
 Total number of values      766019
                                              OBSERVATION
                                 193271    11898     8954     5751     5680     6051     9923    15650 |    257178
                                  13979     2352     2015     1469     1621     1604     2835     3991 |     29866
                                  10134     1873     1716     1218     1381     1461     2385     3415 |     23583
              43h22_ref_autumn     9396     1875     1778     1256     1378     1514     2580     3480 |     23257
                                   8838     1850     1769     1345     1508     1596     2818     3801 |     23525
                                   9175     2132     2053     1610     1761     2015     3489     4724 |     26959
                                  13227     3265     3084     2349     2701     3263     6067     8453 |     42409
                                  46100    16035    16783    13509    17497    24925    61171   143222 |    339242

                    SUM          304120    41280    38152    28507    33527    42429    91268   186736 |    766019
                                              OBSERVATION
                                 235294    20049    16204    11160    11581    12400    20893    30133 |    357714
                                   5460     1357     1303     1072     1142     1276     2303     3218 |     17131
                                   3843      975      911      697      830      895     1662     2325 |     12138
             val46h1rc1_autumn     3462      909      856      715      707      861     1481     2105 |     11096
                                   3665      936      878      704      737      879     1583     2241 |     11623
                                   4460     1156     1052      815      983     1031     2094     2966 |     14557
                                   6850     1674     1639     1211     1528     1839     3723     5179 |     23643
                                  41086    14224    15309    12133    16019    23248    57529   138569 |    318117

                    SUM          304120    41280    38152    28507    33527    42429    91268   186736 |    766019

