 <pre>

 Contingency table for Visibility (m)
 Selection: Finland     69 stations
Period: 20221001-20221031
Used {00,06,12,18} + 03 06 ... 48
 Limits    1000.0000000000000        5000.0000000000000        10000.000000000000        20000.000000000000     
 Each class is data <= limit, the very last > last limit
 Total number of values      132605
                                     OBSERVATION
                                   1765     2691     1476     1637     1211 |      8780
                                   1292     4070     4955     8974    11786 |     31077
              43h22_ref_autumn      355      785     1227     3897     9298 |     15562
                                    263      738     1195     7085    25928 |     35209
                                     85      278      688    11638    29288 |     41977

                    SUM            3760     8562     9541    33231    77511 |    132605
                                     OBSERVATION
                                   1655     2438     1298     1318      993 |      7702
                                   1405     4314     5084     9087    11629 |     31519
             val46h1rc1_autumn      337      800     1295     3985     9745 |     16162
                                    287      752     1189     7204    26313 |     35745
                                     76      258      675    11637    28831 |     41477

                    SUM            3760     8562     9541    33231    77511 |    132605

