 <pre>

 Contingency table for Visibility (m)
 Selection: Norway     38 stations
Period: 20221001-20221028
Used {00,06,12,18} + 03 06 ... 48
 Limits    1000.0000000000000        5000.0000000000000        10000.000000000000        20000.000000000000     
 Each class is data <= limit, the very last > last limit
 Total number of values       39573
                                     OBSERVATION
                                    401      451      226      302      238 |      1618
                                    385     1142     1247     1660     2155 |      6589
              43h22_ref_autumn      233      519      751     1324     2748 |      5575
                                    221      551     1122     2124     8564 |     12582
                                    115      468     1652     2476     8498 |     13209

                    SUM            1355     3131     4998     7886    22203 |     39573
                                     OBSERVATION
                                    424      380      211      286      186 |      1487
                                    388     1209     1206     1634     2052 |      6489
             val46h1rc1_autumn      220      469      720     1325     2730 |      5464
                                    214      583     1162     2129     8639 |     12727
                                    109      490     1699     2512     8596 |     13406

                    SUM            1355     3131     4998     7886    22203 |     39573

