 <pre>

 Contingency table for Low clouds (octas)
 Selection: METCOOP    230 stations
Period: 20221001-20221031
Used {00,06,12,18} + 03 06 ... 48
 Limits    1.0000000000000000        2.0000000000000000        3.0000000000000000        4.0000000000000000        5.0000000000000000        6.0000000000000000        7.0000000000000000     
 Each class is data <= limit, the very last > last limit
 Total number of values      356505
                                              OBSERVATION
                                  90302     3953     3427     2676     2640     2390     4552     9754 |    119694
                                   6131      812      710      611      694      583     1190     2039 |     12770
                                   4178      625      611      505      556      493      996     1741 |      9705
              43h22_ref_autumn     3674      615      631      511      541      529     1009     1682 |      9192
                                   3296      597      592      509      538      526     1096     1839 |      8993
                                   3361      707      726      609      629      666     1349     2262 |     10309
                                   4712     1093     1041      980     1058     1071     2268     3979 |     16202
                                  18249     7473     6940     7074     8151     8768    27798    85187 |    169640

                    SUM          133903    15875    14678    13475    14807    15026    40258   108483 |    356505
                                              OBSERVATION
                                 106830     6671     5914     4880     4927     4519     8776    15944 |    158461
                                   2627      538      521      483      465      512     1019     1667 |      7832
                                   1744      417      340      304      355      320      749     1215 |      5444
             val46h1rc1_autumn     1377      339      310      256      291      297      634     1006 |      4510
                                   1315      304      309      274      277      299      652     1089 |      4519
                                   1548      355      346      311      391      345      817     1419 |      5532
                                   2314      582      545      500      559      531     1410     2431 |      8872
                                  16148     6669     6393     6467     7542     8203    26201    83712 |    161335

                    SUM          133903    15875    14678    13475    14807    15026    40258   108483 |    356505

