 <pre>

 Contingency table for Cloud cover (octas)
 Selection: METCOOP    213 stations
Period: 20221001-20221024
Used {00,06,12,18} + 03 06 ... 48
 Limits   0.50000000000000000        1.5000000000000000        2.5000000000000000        3.5000000000000000        4.5000000000000000        5.5000000000000000        6.5000000000000000        7.5000000000000000     
 Each class is data <= limit, the very last > last limit
 Total number of values      280607
                                                       OBSERVATION
                                  27991     2895     1412     1101      767      893      734     1508     2070 |     39371
                                   5262     1070      542      552      439      534      412     1007     1358 |     11176
                                   3093      625      337      388      246      391      309      817      960 |      7166
                                   2416      502      300      317      233      320      323      782     1025 |      6218
              43h22_ref_autumn     2188      512      245      303      238      308      339      811     1045 |      5989
                                   2191      538      313      353      241      396      346      916     1220 |      6514
                                   2603      644      391      457      353      479      506     1374     1716 |      8523
                                   3949     1021      654      739      593      899      797     2502     3364 |     14518
                                  15358     5897     3669     4658     3910     6952     7387    36623    96678 |    181132

                    SUM           65051    13704     7863     8868     7020    11172    11153    46340   109436 |    280607
                                                       OBSERVATION
                                  34270     4539     2399     2088     1539     1777     1608     3576     4749 |     56545
                                   3299      800      408      514      384      532      542     1305     1743 |      9527
                                   2096      486      255      324      214      369      349      907     1246 |      6246
                                   1793      395      210      250      196      294      261      735     1041 |      5175
             val46h1rc1_autumn     1727      413      223      249      183      255      294      747      968 |      5059
                                   1750      388      235      261      203      315      311      870     1104 |      5437
                                   2185      521      330      337      257      442      373     1165     1489 |      7099
                                   3564      852      501      587      413      664      642     2054     2797 |     12074
                                  14367     5310     3302     4258     3631     6524     6773    34981    94299 |    173445

                    SUM           65051    13704     7863     8868     7020    11172    11153    46340   109436 |    280607

