 <pre>

 Contingency table for Cloud cover (octas)
 Selection: METCOOP    213 stations
Period: 20221001-20221028
Used {00,06,12,18} + 03 06 ... 48
 Limits   0.50000000000000000        1.5000000000000000        2.5000000000000000        3.5000000000000000        4.5000000000000000        5.5000000000000000        6.5000000000000000        7.5000000000000000     
 Each class is data <= limit, the very last > last limit
 Total number of values      329695
                                                       OBSERVATION
                                  28460     2956     1456     1126      805      918      758     1579     2325 |     40383
                                   5502     1116      562      565      479      562      437     1077     1577 |     11877
                                   3274      650      354      414      281      424      343      892     1133 |      7765
                                   2564      533      316      336      263      351      353      847     1193 |      6756
              43h22_ref_autumn     2340      540      260      335      264      328      362      889     1228 |      6546
                                   2362      572      326      375      269      433      376      988     1448 |      7149
                                   2829      681      409      504      385      517      537     1477     2038 |      9377
                                   4301     1081      685      800      654      962      869     2742     4047 |     16141
                                  17893     6467     4031     5145     4473     7876     8440    41798   127578 |    223701

                    SUM           69525    14596     8399     9600     7873    12371    12475    52289   142567 |    329695
                                                       OBSERVATION
                                  35089     4678     2487     2156     1658     1873     1688     3801     5448 |     58878
                                   3498      836      425      551      417      572      593     1423     1987 |     10302
                                   2232      503      270      346      236      394      375      989     1452 |      6797
                                   1895      410      218      269      216      315      278      792     1224 |      5617
             val46h1rc1_autumn     1841      432      232      273      208      275      313      819     1118 |      5511
                                   1888      406      245      283      225      343      331      940     1326 |      5987
                                   2357      547      339      369      299      474      408     1272     1784 |      7849
                                   3882      920      522      638      458      715      705     2250     3419 |     13509
                                  16843     5864     3661     4715     4156     7410     7784    40003   124809 |    215245

                    SUM           69525    14596     8399     9600     7873    12371    12475    52289   142567 |    329695

