 <pre>

 Contingency table for Visibility (m)
 Selection: Finland     69 stations
Period: 20221001-20221028
Used {00,06,12,18} + 03 06 ... 48
 Limits    1000.0000000000000        5000.0000000000000        10000.000000000000        20000.000000000000     
 Each class is data <= limit, the very last > last limit
 Total number of values      119613
                                     OBSERVATION
                                   1531     2312     1306     1459     1105 |      7713
                                   1137     3644     4466     8154    11053 |     28454
              43h22_ref_autumn      330      725     1190     3677     8750 |     14672
                                    232      654     1116     6550    24103 |     32655
                                     66      232      648    10223    24950 |     36119

                    SUM            3296     7567     8726    30063    69961 |    119613
                                     OBSERVATION
                                   1439     2074     1106     1161      896 |      6676
                                   1241     3864     4620     8288    10919 |     28932
             val46h1rc1_autumn      306      748     1257     3730     9187 |     15228
                                    245      664     1111     6663    24467 |     33150
                                     65      217      632    10221    24492 |     35627

                    SUM            3296     7567     8726    30063    69961 |    119613

