 <pre>

 Contingency table for Rh2m (%)
 Selection: Sweden    172 stations
Period: 20221001-20221031
Used {00,06,12,18} + 03 06 ... 48
 Limits    30.000000000000000        50.000000000000000        65.000000000000000        75.000000000000000        85.000000000000000        95.000000000000000        100.00000000000000     
 Each class is data <= limit, the very last > last limit
 Total number of values      301084
                                              OBSERVATION
                                      0        0        0        0        0        0        0        0 |         0
                                      0      454      421       45       10        1        0        0 |       931
                                      0     1456     9246     4474     1176      276       54        0 |     16682
              43h22_ref_autumn        0      223     7586    15573     9464     2558      649        0 |     36053
                                      0       45     2343    11470    24730    13923     3435        0 |     55946
                                      0        8      771     5155    23412    43167    24235        0 |     96748
                                      0        0      104     1164     9995    27329    52028        0 |     90620
                                      0        0        0        0      108      834     3162        0 |      4104

                    SUM               0     2186    20471    37881    68895    88088    83563        0 |    301084
                                              OBSERVATION
                                      0        0        0        0        0        0        0        0 |         0
                                      0      432      335       24       12        1        0        0 |       804
                                      0     1492     9484     4524     1242      344       59        0 |     17145
             val46h1rc1_autumn        0      206     7598    15807     9465     2675      670        0 |     36421
                                      0       47     2228    11471    25583    14570     3627        0 |     57526
                                      0        9      735     4947    23045    43246    24973        0 |     96955
                                      0        0       91     1106     9463    26539    51465        0 |     88664
                                      0        0        0        2       85      713     2769        0 |      3569

                    SUM               0     2186    20471    37881    68895    88088    83563        0 |    301084

