 <pre>

 Contingency table for Rh2m (%)
 Selection: ALL   1048 stations
Period: 20221001-20221028
Used {00,06,12,18} + 03 06 ... 48
 Limits    30.000000000000000        50.000000000000000        65.000000000000000        75.000000000000000        85.000000000000000        95.000000000000000        100.00000000000000     
 Each class is data <= limit, the very last > last limit
 Total number of values     1733818
                                              OBSERVATION
                                      0        0        0        0        0        0        0        0 |         0
                                     40     2455     3469      457      155       43        5        0 |      6624
                                     73     5208    39769    23554     8562     3440      843        0 |     81449
              43h22_ref_autumn        7     1522    33788    83097    64159    22482     5779        0 |    210834
                                      1      425    13625    65215   157609   108510    27114        0 |    372499
                                      0       90     3750    23291   125195   312947   151654        0 |    616927
                                      0        5      262     2449    21995   136459   264972        0 |    426142
                                      0        0        0       10      249     2670    16414        0 |     19343

                    SUM             121     9705    94663   198073   377924   586551   466781        0 |   1733818
                                              OBSERVATION
                                      0        0        0        0        0        0        0        0 |         0
                                     43     2395     3292      474      188       49        6        0 |      6447
                                     61     5302    40627    24392     9359     3992      995        0 |     84728
             val46h1rc1_autumn       16     1486    34302    84089    64093    23224     5871        0 |    213081
                                      1      426    12600    64713   159990   109237    27117        0 |    374084
                                      0       90     3614    22089   123176   314835   152754        0 |    616558
                                      0        6      228     2306    20922   133128   265844        0 |    422434
                                      0        0        0       10      196     2086    14194        0 |     16486

                    SUM             121     9705    94663   198073   377924   586551   466781        0 |   1733818

