 <pre>

 Contingency table for Cloud base (m)
 Selection: Norway     32 stations
Period: 20221001-20221031
Used {00,06,12,18} + 03 06 ... 48
 Limits    70.000000000000000        150.00000000000000        300.00000000000000        600.00000000000000        1000.0000000000000        1500.0000000000000        2500.0000000000000        5000.0000000000000     
 Each class is data <= limit, the very last > last limit
 Total number of values       23111
                                                       OBSERVATION
                                    364      148      412      114       33       15       12        0        0 |      1098
                                    109      107      369      114       23       13        5        0        0 |       740
                                    136      186      800      270       56       49       10        0        0 |      1507
                                    223      283     1669      938      274      132       68        0        0 |      3587
              43h22_ref_autumn      157      213     1565     1495      497      142      128        0        0 |      4197
                                    104      162      924      830      417      136      122        0        0 |      2695
                                     59       56      432      484      273      164      147        0        0 |      1615
                                     52       53      337      447      278      120      231        0        0 |      1518
                                    322      274     1273     1629     1243      541      872        0        0 |      6154

                    SUM            1526     1482     7781     6321     3094     1312     1595        0        0 |     23111
                                                       OBSERVATION
                                    374      123      359       98       38       14       10        0        0 |      1016
                                    118      111      372      141       21       12        2        0        0 |       777
                                    139      196      757      273       58       53       20        0        0 |      1496
                                    194      255     1439      718      246      132       50        0        0 |      3034
             val46h1rc1_autumn      140      175     1271     1100      335       96       81        0        0 |      3198
                                     91      150      961      818      356      109      111        0        0 |      2596
                                     59       76      506      499      244      137      100        0        0 |      1621
                                     48       63      401      482      253      123      229        0        0 |      1599
                                    363      333     1715     2192     1543      636      992        0        0 |      7774

                    SUM            1526     1482     7781     6321     3094     1312     1595        0        0 |     23111

