 <pre>

 Contingency table for Cloud cover (octas)
 Selection: Sweden    107 stations
Period: 20221001-20221031
Used {00,06,12,18} + 03 06 ... 48
 Limits   0.50000000000000000        1.5000000000000000        2.5000000000000000        3.5000000000000000        4.5000000000000000        5.5000000000000000        6.5000000000000000        7.5000000000000000     
 Each class is data <= limit, the very last > last limit
 Total number of values      190924
                                                       OBSERVATION
                                  23609     1455      847      688      522      498      497      846     2417 |     31379
                                   4111      641      348      322      283      331      293      511     1280 |      8120
                                   2430      362      213      220      159      213      211      389      891 |      5088
                                   1845      337      203      166      176      168      229      355      859 |      4338
              43h22_ref_autumn     1620      311      162      166      145      147      198      375      851 |      3975
                                   1685      298      194      163      156      215      189      392     1013 |      4305
                                   1985      394      262      235      217      242      274      562     1443 |      5614
                                   3097      570      418      390      347      438      455     1006     2724 |      9445
                                  14498     4104     2966     3059     2907     4180     4596    12291    70059 |    118660

                    SUM           54880     8472     5613     5409     4912     6432     6942    16727    81537 |    190924
                                                       OBSERVATION
                                  28044     2440     1463     1216     1017     1026     1073     1841     4811 |     42931
                                   2585      509      252      271      230      271      347      597     1468 |      6530
                                   1596      276      169      204      161      186      206      374     1023 |      4195
                                   1407      251      139      138      108      129      145      304      859 |      3480
             val46h1rc1_autumn     1312      235      148      123      111      126      171      296      754 |      3276
                                   1337      221      132      145      123      144      166      346      830 |      3444
                                   1694      282      214      184      167      193      195      435     1169 |      4533
                                   2929      492      342      313      253      326      363      767     2247 |      8032
                                  13976     3766     2754     2815     2742     4031     4276    11767    68376 |    114503

                    SUM           54880     8472     5613     5409     4912     6432     6942    16727    81537 |    190924

