 <pre>

 Contingency table for Rh2m (%)
 Selection: METCOOP    518 stations
Period: 20221001-20221024
Used {00,06,12,18} + 03 06 ... 48
 Limits    30.000000000000000        50.000000000000000        65.000000000000000        75.000000000000000        85.000000000000000        95.000000000000000        100.00000000000000     
 Each class is data <= limit, the very last > last limit
 Total number of values      731019
                                              OBSERVATION
                                      0        0        0        0        0        0        0        0 |         0
                                     40     1121      992      275      145       29        3        0 |      2605
                                     66     3149    17811    10869     4739     2060      575        0 |     39269
              43h22_ref_autumn        6      922    16260    38793    31650    12175     3283        0 |    103089
                                      1      253     6701    30631    71590    49826    14299        0 |    173301
                                      0       68     2169    11969    54989   118421    57435        0 |    245051
                                      0        5      151     1517    13097    55146    92552        0 |    162468
                                      0        0        0        7      184     1252     3793        0 |      5236

                    SUM             113     5518    44084    94061   176394   238909   171940        0 |    731019
                                              OBSERVATION
                                      0        0        0        0        0        0        0        0 |         0
                                     43     1103      940      293      168       32        4        0 |      2583
                                     57     3219    18361    11540     5492     2482      681        0 |     41832
             val46h1rc1_autumn       12      856    16279    39162    31769    12873     3588        0 |    104539
                                      1      267     6270    30141    72664    50466    14603        0 |    174412
                                      0       67     2110    11522    53896   118887    58437        0 |    244919
                                      0        6      124     1395    12253    53158    91611        0 |    158547
                                      0        0        0        8      152     1011     3016        0 |      4187

                    SUM             113     5518    44084    94061   176394   238909   171940        0 |    731019

