 <pre>

 Contingency table for Cloud base (m)
 Selection: Finland     71 stations
Period: 20221001-20221028
Used {00,06,12,18} + 03 06 ... 48
 Limits    70.000000000000000        150.00000000000000        300.00000000000000        600.00000000000000        1000.0000000000000        1500.0000000000000        2500.0000000000000        5000.0000000000000     
 Each class is data <= limit, the very last > last limit
 Total number of values       67811
                                                       OBSERVATION
                                   3261     3283     1216      263      103       50       52       42        8 |      8278
                                    763     2379     1891      434      139       60       67       57       11 |      5801
                                    442     2016     4240     1709      305      177      179      136       13 |      9217
                                    461      784     3112     5485     1588      613      371      276       95 |     12785
              43h22_ref_autumn      422      474      947     2359     3866     1609      478      459      115 |     10729
                                    203      334      622      981      901     1251      615      330       69 |      5306
                                     86      166      359      455      247      296      772      370       39 |      2790
                                    111      119      151      304      244      133      293     1176       85 |      2616
                                    967      564     1049     1746     1449      800      740     2505      469 |     10289

                    SUM            6716    10119    13587    13736     8842     4989     3567     5351      904 |     67811
                                                       OBSERVATION
                                   3162     3073      983      201       83       41       49       26       10 |      7628
                                    870     2397     1838      363      116       50       76       64        1 |      5775
                                    492     2051     4103     1545      257      140      126      104       17 |      8835
                                    404      804     3059     4719     1185      462      269      215       57 |     11174
             val46h1rc1_autumn      347      446      958     2322     3087     1308      329      292       95 |      9184
                                    222      325      685     1077     1057     1179      557      217       59 |      5378
                                     54      164      390      534      365      344      702      275       24 |      2852
                                     95      101      183      388      285      177      316      972       72 |      2589
                                   1070      758     1388     2587     2407     1288     1143     3186      569 |     14396

                    SUM            6716    10119    13587    13736     8842     4989     3567     5351      904 |     67811

