 <pre>

 Contingency table for Cloud cover (octas)
 Selection: Finland     69 stations
Period: 20221001-20221031
Used {00,06,12,18} + 03 06 ... 48
 Limits   0.50000000000000000        1.5000000000000000        2.5000000000000000        3.5000000000000000        4.5000000000000000        5.5000000000000000        6.5000000000000000        7.5000000000000000     
 Each class is data <= limit, the very last > last limit
 Total number of values      132644
                                                       OBSERVATION
                                   9973     1147      304      312      158      366      130      888      568 |     13846
                                   2383      531      174      212      119      201       97      599      460 |      4776
                                   1319      311      111      144       86      171       78      499      327 |      3046
                                   1057      235       93      127       63      152       74      457      354 |      2612
              43h22_ref_autumn      979      263       80      140       75      137       89      487      380 |      2630
                                    940      272      126      178       85      171       92      537      432 |      2833
                                   1123      329      128      226      132      242      154      837      633 |      3804
                                   1660      551      214      364      222      433      243     1496     1230 |      6413
                                   5228     2493      977     1875     1086     2745     1688    25474    51118 |     92684

                    SUM           24662     6132     2207     3578     2026     4618     2645    31274    55502 |    132644
                                                       OBSERVATION
                                  13117     2008      642      689      376      752      368     2088     1460 |     21500
                                   1487      378      146      223      113      244      138      765      593 |      4087
                                    953      262       78      119       63      158       78      530      408 |      2649
                                    759      171       67      116       76      145       71      461      361 |      2227
             val46h1rc1_autumn      755      197       81      126       68      126       85      459      329 |      2226
                                    739      202       79      125       76      143       93      526      421 |      2404
                                    906      267      102      161      108      217      117      730      569 |      3177
                                   1396      433      154      283      160      305      192     1261     1012 |      5196
                                   4550     2214      858     1736      986     2528     1503    24454    50349 |     89178

                    SUM           24662     6132     2207     3578     2026     4618     2645    31274    55502 |    132644

