 <pre>

 Contingency table for Visibility (m)
 Selection: Denmark     21 stations
Period: 20221001-20221028
Used {00,06,12,18} + 03 06 ... 48
 Limits    1000.0000000000000        5000.0000000000000        10000.000000000000        20000.000000000000     
 Each class is data <= limit, the very last > last limit
 Total number of values       32460
                                     OBSERVATION
                                    239      250       69       24       10 |       592
                                    491     1561     1407     2109      783 |      6351
              43h22_ref_autumn      186      650     1093     3475     3322 |      8726
                                     49      218      607     2763     5166 |      8803
                                     17      275      735     3008     3953 |      7988

                    SUM             982     2954     3911    11379    13234 |     32460
                                     OBSERVATION
                                    207      191       84       21       11 |       514
                                    534     1630     1529     2124      838 |      6655
             val46h1rc1_autumn      184      684     1026     3430     3103 |      8427
                                     42      221      620     2789     5397 |      9069
                                     15      228      652     3015     3885 |      7795

                    SUM             982     2954     3911    11379    13234 |     32460

